1 2
2 2
3 2
4 2
5 1
6 6
7 2
8 1
9 2
10 2
11 2
12 2
13 5
14 2
15 1
16 3
17 2
18 1
19 2
20 2
21 2
22 2
23 2
24 2
25 1
26 2
27 2
28 2
29 2
30 4
31 5
32 1
33 2
34 1
35 5
36 2
37 2
38 1
39 2
40 2
41 2
42 4
43 2
44 5
45 2
46 2
47 3
48 2
49 2
50 3
51 2
52 2
53 2
54 2
55 2
56 5
57 3
58 5
59 2
60 7
61 2
62 2
63 2
64 5
65 2
66 5
67 6
68 2
69 6
70 2
71 2
72 1
73 2
74 2
75 2
76 2
77 3
78 5
79 5
80 1
81 2
82 1
83 2
84 2
85 2
86 2
87 5
88 2
89 4
90 2
91 3
92 2
93 1
94 5
95 2
96 5
97 2
98 2
99 2
100 2
101 4
102 2
103 1
104 2
105 2
106 2
107 2
108 2
109 1
110 2
111 2
112 1
113 2
114 3
115 2
116 2
117 2
118 1
119 2
120 2
121 2
122 2
123 5
124 2
125 2
126 2
127 2
128 5
129 5
130 2
131 2
132 2
133 2
134 4
135 2
136 5
137 3
138 2
139 2
140 2
141 2
142 3
143 2
144 2
145 2
146 2
147 2
148 2
149 2
150 2
151 2
152 2
153 2
154 2
155 1
156 2
157 2
158 2
159 4
160 2
161 5
162 1
163 2
164 2
165 2
166 5
167 2
168 2
169 2
170 4
171 3
172 2
173 2
174 2
175 2
176 1
177 2
178 2
179 2
180 2
181 6
182 4
183 5
184 2
185 2
186 2
187 2
188 2
189 2
190 2
191 2
192 1
193 3
194 2
195 2
196 1
197 3
198 3
199 2
200 2
201 2
202 2
203 7
204 2
205 2
206 2
207 2
208 2
209 1
210 2
211 2
212 2
213 2
214 2
215 4
216 5
217 2
218 1
219 2
220 3
221 4
222 1
223 2
224 2
225 2
226 2
227 2
228 2
229 2
230 5
231 2
232 5
233 2
234 2
235 1
236 3
237 2
238 2
239 2
240 4
241 2
242 2
243 1
244 2
245 2
246 5
247 2
248 2
249 2
250 2
251 2
252 2
253 2
254 2
255 2
256 2
257 2
258 2
259 2
260 2
261 4
262 5
263 2
264 2
265 2
266 2
267 2
268 2
269 2
270 2
271 5
272 2
273 1
274 2
275 2
276 2
277 2
278 2
279 2
280 3
281 2
282 5
283 3
284 2
285 2
286 2
287 4
288 5
289 2
290 2
291 1
292 2
293 4
294 2
295 1
296 2
297 2
298 2
299 2
300 3
301 2
302 2
303 2
304 6
305 2
306 2
307 1
308 2
309 2
310 2
311 1
312 7
313 1
314 2
315 5
316 2
317 2
318 2
319 1
320 4
321 2
322 2
323 2
324 2
325 2
326 2
327 2
328 2
329 2
330 2
331 1
332 2
333 3
334 2
335 2
336 3
337 2
338 2
339 1
340 1
341 2
342 2
343 2
344 5
345 2
346 5
347 1
348 2
349 2
350 2
351 2
352 2
353 2
354 2
355 2
356 2
357 2
358 2
359 5
360 2
361 2
362 2
363 2
364 2
365 2
366 5
367 1
368 1
369 1
370 2
371 4
372 1
373 2
374 2
375 2
376 1
377 5
378 2
379 2
380 2
381 2
382 2
383 2
384 2
385 2
386 4
387 4
388 2
389 2
390 5
391 1
392 1
393 2
394 2
395 2
396 2
397 2
398 2
399 2
400 2
401 2
402 2
403 2
404 2
405 2
406 1
407 2
408 2
409 1
410 2
411 1
412 5
413 4
414 2
415 2
416 2
417 2
418 2
419 2
420 3
421 2
422 1
423 2
424 1
425 1
426 2
427 2
428 7
429 2
430 2
431 2
432 1
433 4
434 6
435 2
436 2
437 2
438 2
439 2
440 5
441 4
442 2
443 2
444 2
445 2
446 5
447 2
448 2
449 2
450 2
451 2
452 2
453 2
454 2
455 2
456 2
457 5
458 2
459 5
460 2
461 2
462 2
463 1
464 2
465 1
466 2
467 2
468 2
469 2
470 2
471 2
472 2
473 2
474 1
475 2
476 3
477 2
478 2
479 2
480 2
481 1
482 2
483 2
484 2
485 2
486 2
487 5
488 1
489 2
490 2
491 1
492 1
493 4
494 2
495 2
496 1
497 1
498 2
499 5
500 4
501 2
502 2
503 2
504 2
505 2
506 2
507 2
508 2
509 1
510 2
511 2
512 2
513 2
514 2
515 2
516 2
517 2
518 2
519 6
520 2
521 5
522 2
523 1
524 2
525 2
526 5
527 2
528 2
529 2
530 1
531 3
532 2
533 2
534 2
535 2
536 2
537 2
538 3
539 5
540 2
541 2
542 1
543 2
544 2
545 2
546 2
547 2
548 2
549 2
550 4
551 2
552 2
553 2
554 2
555 1
556 2
557 4
558 2
559 2
560 2
561 2
562 2
563 2
564 2
565 2
566 1
567 2
568 2
569 3
570 1
571 2
572 2
573 2
574 2
575 2
576 2
577 2
578 2
579 2
580 5
581 2
582 2
583 2
584 6
585 2
586 2
587 2
588 2
589 2
590 2
591 2
592 3
593 2
594 2
595 2
596 1
597 2
598 1
599 5
600 1
601 2
602 5
603 2
604 2
605 5
606 2
607 4
608 2
609 2
610 2
611 5
612 2
613 5
614 2
615 2
616 2
617 2
618 5
619 2
620 3
621 1
622 4
623 2
624 1
625 1
626 3
627 5
628 2
629 5
630 2
631 2
632 2
633 2
634 5
635 5
636 3
637 2
638 1
639 2
640 2
641 2
642 4
643 5
644 2
645 2
646 2
647 2
648 2
649 1
650 2
651 1
652 2
653 2
654 2
655 5
656 3
657 2
658 2
659 2
660 2
661 2
662 2
663 2
664 5
665 3
666 2
667 2
668 2
669 3
670 1
671 3
672 2
673 2
674 2
675 1
676 2
677 2
678 2
679 2
680 3
681 2
682 5
683 3
684 7
685 2
686 2
687 2
688 1
689 2
690 2
691 2
692 1
693 2
694 1
695 1
696 2
697 3
698 2
699 2
700 2
701 2
702 2
703 1
704 2
705 2
706 2
707 2
708 3
709 2
710 5
711 3
712 2
713 2
714 2
715 2
716 3
717 2
718 2
719 2
720 5
721 2
722 2
723 2
724 2
725 2
726 2
727 2
728 5
729 2
730 2
731 2
732 2
733 3
734 3
735 1
736 5
737 5
738 2
739 2
740 5
741 2
742 1
743 2
744 2
745 2
746 5
747 2
748 2
749 5
750 2
751 2
752 2
753 2
754 2
755 2
756 2
757 5
758 2
759 1
760 1
761 5
762 3
763 2
764 2
765 2
766 1
767 2
768 2
769 2
770 1
771 2
772 2
773 7
774 2
775 2
776 1
777 2
778 2
779 2
780 2
781 2
782 2
783 1
784 5
785 3
786 2
787 2
788 2
789 2
790 2
791 2
792 7
793 4
794 2
795 1
796 2
797 2
798 2
799 2
800 2
801 5
802 2
803 2
804 2
805 5
806 2
807 2
808 2
809 5
810 2
811 2
812 5
813 2
814 4
815 5
816 2
817 5
818 2
819 2
820 2
821 2
822 5
823 1
824 2
825 2
826 2
827 2
828 5
829 2
830 2
831 7
832 2
833 7
834 2
835 5
836 2
837 2
838 2
839 5
840 2
841 5
842 3
843 2
844 2
845 2
846 1
847 1
848 4
849 2
850 2
851 1
852 5
853 3
854 2
855 5
856 5
857 1
858 2
859 2
860 2
861 2
862 2
863 2
864 2
865 2
866 1
867 2
868 2
869 2
870 2
871 2
872 5
873 2
874 4
875 1
876 2
877 2
878 2
879 2
880 2
881 2
882 7
883 2
884 2
885 5
886 2
887 2
888 2
889 1
890 5
891 3
892 2
893 5
894 7
895 2
896 2
897 2
898 2
899 5
900 2
901 5
902 5
903 2
904 1
905 7
906 3
907 1
908 5
909 5
910 1
911 2
912 2
913 2
914 1
915 2
916 2
917 2
918 6
919 2
920 3
921 3
922 5
923 2
924 5
925 2
926 2
927 2
928 2
929 1
930 2
931 6
932 3
933 2
934 2
935 2
936 2
937 2
938 2
939 5
940 3
941 2
942 4
943 2
944 2
945 2
946 1
947 2
948 1
949 2
950 2
951 1
952 2
953 3
954 2
955 2
956 2
957 1
958 2
959 5
960 5
961 2
962 1
963 2
964 1
965 1
966 4
967 2
968 2
969 5
970 2
971 2
972 4
973 7
974 2
975 2
976 2
977 2
978 2
979 2
980 5
981 4
982 2
983 2
984 2
985 2
986 2
987 2
988 6
989 5
990 2
991 2
992 4
993 2
994 2
995 5
996 2
997 2
998 2
999 2
1000 2
1001 5
1002 3
1003 2
1004 2
1005 5
1006 2
1007 4
1008 2
1009 2
1010 2
1011 2
1012 2
1013 2
1014 1
1015 2
1016 2
1017 2
1018 4
1019 2
1020 6
1021 1
1022 4
1023 2
1024 2
1025 2
1026 2
1027 5
1028 1
1029 2
1030 2
1031 2
1032 1
1033 2
1034 2
1035 2
1036 2
1037 2
1038 2
1039 2
1040 5
1041 1
1042 2
1043 2
1044 2
1045 2
1046 1
1047 2
1048 2
1049 1
1050 2
1051 2
1052 2
1053 2
1054 2
1055 1
1056 2
1057 1
1058 2
1059 2
1060 2
1061 4
1062 2
1063 2
1064 2
1065 2
1066 2
1067 2
1068 2
1069 2
1070 2
1071 2
1072 2
1073 5
1074 1
1075 2
1076 2
1077 2
1078 2
1079 2
1080 5
1081 2
1082 2
1083 3
1084 2
1085 2
1086 2
1087 2
1088 2
1089 5
1090 2
1091 2
1092 2
1093 2
1094 1
1095 2
1096 2
1097 2
1098 2
1099 2
1100 2
1101 2
1102 2
1103 2
1104 4
1105 2
1106 2
1107 2
1108 2
1109 2
1110 2
1111 2
1112 2
1113 2
1114 1
1115 2
1116 2
1117 2
1118 5
1119 2
1120 2
1121 4
1122 2
1123 2
1124 2
1125 2
1126 2
1127 2
1128 3
1129 2
1130 1
1131 7
1132 1
1133 2
1134 2
1135 3
1136 2
1137 4
1138 2
1139 3
1140 7
1141 2
1142 6
1143 3
1144 2
1145 2
1146 2
1147 2
1148 2
1149 2
1150 4
1151 2
1152 2
1153 4
1154 3
1155 2
1156 2
1157 2
1158 2
1159 2
1160 2
1161 1
1162 2
1163 2
1164 2
1165 2
1166 2
1167 2
1168 2
1169 2
1170 1
1171 2
1172 2
1173 2
1174 2
1175 2
1176 2
1177 2
1178 2
1179 1
1180 2
1181 2
1182 2
1183 2
1184 2
1185 2
1186 2
1187 2
1188 2
1189 6
1190 1
1191 2
1192 2
1193 2
1194 6
1195 2
1196 5
1197 5
1198 3
1199 2
1200 2
1201 1
1202 2
1203 1
1204 2
1205 2
1206 2
1207 2
1208 2
1209 1
1210 2
1211 2
1212 5
1213 2
1214 2
1215 2
1216 5
1217 3
1218 2
1219 2
1220 2
1221 2
1222 2
1223 4
1224 1
1225 2
1226 5
1227 2
1228 5
1229 1
1230 2
1231 2
1232 2
1233 2
1234 2
1235 3
1236 2
1237 2
1238 2
1239 2
1240 3
1241 2
1242 2
1243 2
1244 2
1245 2
1246 5
1247 3
1248 4
1249 2
1250 5
1251 5
1252 5
1253 2
1254 1
1255 2
1256 2
1257 1
1258 2
1259 2
1260 1
1261 2
1262 2
1263 2
1264 2
1265 5
1266 2
1267 2
1268 2
1269 2
1270 2
1271 2
1272 2
1273 2
1274 5
1275 2
1276 2
1277 2
1278 2
1279 5
1280 2
1281 2
1282 2
1283 2
1284 2
1285 2
1286 2
1287 2
1288 2
1289 2
1290 2
1291 3
1292 2
1293 5
1294 2
1295 2
1296 4
1297 5
1298 2
1299 1
1300 2
1301 2
1302 2
1303 2
1304 1
1305 5
1306 2
1307 2
1308 1
1309 2
1310 2
1311 2
1312 2
1313 1
1314 2
1315 3
1316 2
1317 2
1318 2
1319 2
1320 2
1321 2
1322 1
1323 2
1324 5
1325 2
1326 2
1327 1
1328 2
1329 2
1330 2
1331 2
1332 2
1333 6
1334 2
1335 2
1336 2
1337 3
1338 3
1339 2
1340 2
1341 2
1342 2
1343 2
1344 2
1345 2
1346 7
1347 5
1348 2
1349 2
1350 1
1351 2
1352 2
1353 2
1354 2
1355 5
1356 6
1357 2
1358 2
1359 2
1360 2
1361 2
1362 2
1363 1
1364 1
1365 2
1366 5
1367 2
1368 2
1369 2
1370 1
1371 2
1372 2
1373 2
1374 2
1375 7
1376 5
1377 3
1378 1
1379 5
1380 2
1381 2
1382 5
1383 2
1384 2
1385 5
1386 2
1387 2
1388 2
1389 1
1390 2
1391 2
1392 1
1393 2
1394 7
1395 3
1396 2
1397 2
1398 2
1399 2
1400 2
1401 3
1402 2
1403 2
1404 2
1405 1
1406 2
1407 2
1408 2
1409 2
1410 2
1411 2
1412 2
1413 2
1414 2
1415 2
1416 2
1417 2
1418 4
1419 2
1420 2
1421 2
1422 2
1423 2
1424 2
1425 2
1426 2
1427 2
1428 2
1429 2
1430 2
1431 2
1432 2
1433 2
1434 4
1435 1
1436 2
1437 7
1438 2
1439 2
1440 1
1441 5
1442 2
1443 2
1444 2
1445 2
1446 2
1447 1
1448 2
1449 5
1450 4
1451 2
1452 2
1453 7
1454 3
1455 2
1456 2
1457 2
1458 2
1459 5
1460 2
1461 2
1462 4
1463 2
1464 2
1465 2
1466 5
1467 2
1468 2
1469 5
1470 5
1471 2
1472 2
1473 2
1474 2
1475 2
1476 2
1477 2
1478 2
1479 2
1480 4
1481 6
1482 2
1483 1
1484 3
1485 2
1486 1
1487 2
1488 2
1489 3
1490 2
1491 2
1492 2
1493 2
1494 2
1495 2
1496 2
1497 2
1498 1
1499 1
1500 2
1501 1
1502 2
1503 2
1504 2
1505 2
1506 2
1507 2
1508 2
1509 2
1510 1
1511 4
1512 2
1513 2
1514 2
1515 1
1516 2
1517 2
1518 2
1519 1
1520 2
1521 2
1522 2
1523 2
1524 2
1525 2
1526 1
1527 2
1528 4
1529 4
1530 2
1531 2
1532 2
1533 1
1534 4
1535 2
1536 2
1537 2
1538 2
1539 1
1540 1
1541 6
1542 2
1543 2
1544 2
1545 1
1546 2
1547 2
1548 2
1549 2
1550 2
1551 3
1552 4
1553 2
1554 2
1555 1
1556 2
1557 2
1558 1
1559 2
1560 2
1561 7
1562 2
1563 2
1564 1
1565 2
1566 2
1567 2
1568 2
1569 2
1570 3
1571 2
1572 2
1573 5
1574 2
1575 2
1576 6
1577 5
1578 2
1579 2
1580 4
1581 2
1582 5
1583 2
1584 2
1585 2
1586 5
1587 2
1588 5
1589 5
1590 2
1591 2
1592 2
1593 1
1594 2
1595 2
1596 2
1597 2
1598 2
1599 2
1600 2
1601 2
1602 1
1603 5
1604 2
1605 2
1606 2
1607 5
1608 2
1609 1
1610 2
1611 2
1612 4
1613 2
1614 5
1615 2
1616 1
1617 2
1618 2
1619 2
1620 2
1621 2
1622 2
1623 2
1624 3
1625 2
1626 2
1627 2
1628 5
1629 2
1630 4
1631 4
1632 2
1633 4
1634 5
1635 2
1636 2
1637 2
1638 2
1639 5
1640 2
1641 1
1642 2
1643 2
1644 3
1645 6
1646 2
1647 2
1648 4
1649 2
1650 2
1651 2
1652 2
1653 1
1654 2
1655 2
1656 1
1657 3
1658 1
1659 2
1660 2
1661 5
1662 2
1663 2
1664 2
1665 2
1666 2
1667 2
1668 5
1669 2
1670 1
1671 1
1672 2
1673 2
1674 2
1675 5
1676 2
1677 2
1678 2
1679 5
1680 2
1681 2
1682 2
1683 1
1684 2
1685 3
1686 1
1687 2
1688 2
1689 5
1690 2
1691 5
1692 2
1693 2
1694 2
1695 2
1696 2
1697 2
1698 2
1699 3
1700 2
1701 2
1702 2
1703 4
1704 4
1705 7
1706 4
1707 1
1708 2
1709 1
1710 2
1711 3
1712 2
1713 3
1714 2
1715 2
1716 2
1717 2
1718 1
1719 2
1720 2
1721 2
1722 2
1723 2
1724 2
1725 2
1726 2
1727 3
1728 2
1729 2
1730 2
1731 1
1732 6
1733 1
1734 2
1735 5
1736 1
1737 2
1738 7
1739 4
1740 2
1741 2
1742 2
1743 5
1744 2
1745 5
1746 1
1747 2
1748 2
1749 2
1750 2
1751 2
1752 2
1753 2
1754 2
1755 2
1756 5
1757 2
1758 2
1759 2
1760 2
1761 5
1762 2
1763 2
1764 1
1765 4
1766 5
1767 5
1768 2
1769 2
1770 2
1771 5
1772 2
1773 2
1774 1
1775 4
1776 1
1777 1
1778 2
1779 2
1780 5
1781 4
1782 2
1783 1
1784 1
1785 2
1786 2
1787 2
1788 2
1789 2
1790 2
1791 5
1792 1
1793 1
1794 2
1795 2
1796 3
1797 2
1798 1
1799 1
1800 2
1801 2
1802 2
1803 2
1804 1
1805 2
1806 3
1807 1
1808 1
1809 2
1810 2
1811 2
1812 2
1813 2
1814 1
1815 2
1816 2
1817 6
1818 2
1819 2
1820 2
1821 1
1822 5
1823 5
1824 5
1825 2
1826 2
1827 1
1828 2
1829 5
1830 5
1831 2
1832 2
1833 2
1834 2
1835 2
1836 2
1837 5
1838 2
1839 5
1840 2
1841 2
1842 2
1843 2
1844 5
1845 2
1846 2
1847 1
1848 2
1849 3
1850 3
1851 2
1852 2
1853 2
1854 2
1855 2
1856 2
1857 2
1858 3
1859 4
1860 1
1861 2
1862 5
1863 2
1864 2
1865 6
1866 1
1867 2
1868 2
1869 2
1870 1
1871 3
1872 2
1873 2
1874 2
1875 2
1876 2
1877 2
1878 2
1879 2
1880 5
1881 2
1882 4
1883 2
1884 2
1885 2
1886 2
1887 1
1888 2
1889 2
1890 2
1891 2
1892 2
1893 1
1894 2
1895 2
1896 1
1897 2
1898 2
1899 2
1900 2
1901 4
1902 1
1903 2
1904 3
1905 4
1906 2
1907 2
1908 4
1909 2
1910 3
1911 3
1912 2
1913 2
1914 3
1915 3
1916 2
1917 1
1918 2
1919 5
1920 2
1921 2
1922 2
1923 5
1924 2
1925 1
1926 2
1927 1
1928 2
1929 2
1930 2
1931 2
1932 2
1933 1
1934 1
1935 2
1936 2
1937 2
1938 2
1939 2
1940 2
1941 4
1942 3
1943 2
1944 1
1945 2
1946 7
1947 5
1948 2
1949 2
1950 7
1951 2
1952 1
1953 2
1954 2
1955 4
1956 2
1957 1
1958 2
1959 2
1960 2
1961 2
1962 2
1963 2
1964 2
1965 5
1966 1
1967 2
1968 2
1969 2
1970 1
1971 2
1972 3
1973 2
1974 2
1975 5
1976 2
1977 2
1978 2
1979 2
1980 2
1981 2
1982 1
1983 2
1984 2
1985 2
1986 1
1987 2
1988 5
1989 5
1990 7
1991 2
1992 2
1993 5
1994 5
1995 1
1996 2
1997 1
1998 2
1999 4
2000 2
2001 2
2002 2
2003 1
2004 2
2005 1
2006 2
2007 2
2008 2
2009 2
2010 1
2011 2
2012 2
2013 2
2014 2
2015 2
2016 2
2017 2
2018 2
2019 2
2020 1
2021 2
2022 3
2023 2
2024 2
2025 5
2026 2
2027 3
2028 2
2029 2
2030 1
2031 5
2032 2
2033 1
2034 2
2035 2
2036 2
2037 2
2038 5
2039 1
2040 2
2041 2
2042 3
2043 7
2044 2
2045 2
2046 2
2047 1
2048 1
2049 2
2050 2
2051 2
2052 1
2053 2
2054 5
2055 2
2056 2
2057 2
2058 2
2059 2
2060 2
2061 2
2062 2
2063 2
2064 2
2065 2
2066 5
2067 2
2068 5
2069 2
2070 2
2071 2
2072 5
2073 2
2074 2
2075 2
2076 2
2077 5
2078 3
2079 2
2080 1
2081 2
2082 3
2083 2
2084 2
2085 2
2086 1
2087 2
2088 2
2089 6
2090 2
2091 2
2092 2
2093 2
2094 2
2095 5
2096 4
2097 2
2098 2
2099 2
2100 2
2101 2
2102 2
2103 2
2104 2
2105 5
2106 2
2107 5
2108 2
2109 2
2110 2
2111 1
2112 2
2113 2
2114 5
2115 5
2116 2
2117 1
2118 2
2119 2
2120 2
2121 2
2122 2
2123 3
2124 2
2125 1
2126 3
2127 2
2128 3
2129 1
2130 2
2131 2
2132 5
2133 6
2134 2
2135 2
2136 3
2137 4
2138 2
2139 3
2140 2
2141 2
2142 2
2143 1
2144 2
2145 6
2146 2
2147 2
2148 1
2149 1
2150 2
2151 1
2152 2
2153 2
2154 2
2155 2
2156 2
2157 6
2158 2
2159 3
2160 2
2161 2
2162 2
2163 2
2164 2
2165 2
2166 2
2167 2
2168 2
2169 6
2170 2
2171 3
2172 1
2173 2
2174 2
2175 2
2176 6
2177 5
2178 2
2179 2
2180 2
2181 2
2182 1
2183 1
2184 2
2185 7
2186 2
2187 2
2188 2
2189 2
2190 2
2191 3
2192 2
2193 2
2194 2
2195 2
2196 2
2197 2
2198 2
2199 3
2200 7
2201 2
2202 2
2203 2
2204 3
2205 2
2206 7
2207 2
2208 2
2209 2
2210 2
2211 2
2212 5
2213 3
2214 1
2215 4
2216 1
2217 2
2218 4
2219 2
2220 2
2221 7
2222 5
2223 3
2224 2
2225 5
2226 2
2227 2
2228 7
2229 1
2230 2
2231 2
2232 2
2233 2
2234 1
2235 2
2236 2
2237 2
2238 2
2239 2
2240 1
2241 2
2242 2
2243 3
2244 2
2245 2
2246 6
2247 2
2248 2
2249 2
2250 1
2251 2
2252 2
2253 2
2254 2
2255 5
2256 1
2257 2
2258 2
2259 2
2260 3
2261 2
2262 3
2263 2
2264 2
2265 2
2266 2
2267 2
2268 2
2269 1
2270 2
2271 2
2272 5
2273 1
2274 2
2275 5
2276 5
2277 2
2278 2
2279 2
2280 2
2281 2
2282 2
2283 2
2284 2
2285 5
2286 2
2287 3
2288 2
2289 2
2290 5
2291 2
2292 2
2293 2
2294 2
2295 4
2296 1
2297 5
2298 2
2299 5
2300 2
2301 2
2302 2
2303 1
2304 5
2305 1
2306 2
2307 2
2308 2
2309 2
2310 2
2311 3
2312 2
2313 5
2314 2
2315 2
2316 2
2317 2
2318 2
2319 5
2320 5
2321 2
2322 1
2323 2
2324 2
2325 5
2326 5
2327 2
2328 1
2329 4
2330 2
2331 5
2332 1
2333 2
2334 1
2335 2
2336 4
2337 5
2338 5
2339 1
2340 2
2341 5
2342 2
2343 4
2344 2
2345 2
2346 2
2347 3
2348 2
2349 3
2350 4
2351 2
2352 2
2353 2
2354 2
2355 1
2356 2
2357 2
2358 2
2359 2
2360 5
2361 1
2362 3
2363 2
2364 6
2365 2
2366 2
2367 2
2368 2
2369 2
2370 3
2371 2
2372 2
2373 2
2374 2
2375 3
2376 2
2377 4
2378 7
2379 2
2380 5
2381 2
2382 2
2383 2
2384 2
2385 2
2386 5
2387 2
2388 1
2389 2
2390 2
2391 2
2392 2
2393 2
2394 2
2395 2
2396 2
2397 1
2398 3
2399 2
2400 4
2401 3
2402 2
2403 2
2404 5
2405 1
2406 2
2407 5
2408 2
2409 2
2410 2
2411 1
2412 5
2413 5
2414 2
2415 5
2416 5
2417 2
2418 2
2419 2
2420 2
2421 1
2422 2
2423 5
2424 2
2425 2
2426 1
2427 5
2428 5
2429 2
2430 2
2431 4
2432 2
2433 2
2434 2
2435 2
2436 4
2437 5
2438 1
2439 2
2440 5
2441 2
2442 2
2443 5
2444 2
2445 2
2446 2
2447 5
2448 5
2449 2
2450 4
2451 2
2452 1
2453 2
2454 2
2455 2
2456 1
2457 5
2458 2
2459 2
2460 2
2461 3
2462 5
2463 2
2464 2
2465 2
2466 5
2467 2
2468 7
2469 2
2470 1
2471 2
2472 2
2473 1
2474 5
2475 1
2476 5
2477 2
2478 5
2479 1
2480 3
2481 2
2482 2
2483 2
2484 2
2485 2
2486 2
2487 2
2488 2
2489 2
2490 2
2491 2
2492 1
2493 2
2494 2
2495 2
2496 6
2497 5
2498 2
2499 2
2500 2
2501 1
2502 4
2503 2
2504 2
2505 1
2506 2
2507 2
2508 2
2509 1
2510 2
2511 5
2512 2
2513 1
2514 2
2515 2
2516 2
2517 5
2518 5
2519 2
2520 2
2521 2
2522 2
2523 2
2524 1
2525 5
2526 2
2527 3
2528 2
2529 5
2530 7
2531 4
2532 2
2533 2
2534 2
2535 3
2536 2
2537 2
2538 5
2539 5
2540 2
2541 2
2542 2
2543 2
2544 2
2545 1
2546 2
2547 7
2548 2
2549 2
2550 2
2551 2
2552 2
2553 2
2554 2
2555 5
2556 1
2557 2
2558 4
2559 2
2560 2
2561 5
2562 2
2563 3
2564 5
2565 2
2566 1
2567 2
2568 3
2569 6
2570 1
2571 5
2572 2
2573 2
2574 2
2575 5
2576 1
2577 2
2578 2
2579 2
2580 2
2581 4
2582 2
2583 1
2584 5
2585 1
2586 2
2587 2
2588 5
2589 2
2590 2
2591 5
2592 2
2593 2
2594 2
2595 2
2596 2
2597 2
2598 2
2599 2
2600 2
2601 2
2602 3
2603 5
2604 2
2605 5
2606 2
2607 2
2608 2
2609 2
2610 1
2611 2
2612 1
2613 2
2614 2
2615 5
2616 2
2617 2
2618 2
2619 2
2620 5
2621 1
2622 1
2623 7
2624 5
2625 7
2626 2
2627 2
2628 2
2629 2
2630 2
2631 2
2632 2
2633 2
2634 2
2635 2
2636 2
2637 4
2638 1
2639 1
2640 5
2641 1
2642 3
2643 7
2644 1
2645 2
2646 5
2647 5
2648 2
2649 2
2650 3
2651 5
2652 1
2653 2
2654 2
2655 2
2656 2
2657 2
2658 2
2659 1
2660 1
2661 2
2662 2
2663 2
2664 2
2665 2
2666 2
2667 2
2668 5
2669 2
2670 2
2671 2
2672 2
2673 3
2674 2
2675 2
2676 2
2677 2
2678 2
2679 7
2680 2
2681 2
2682 2
2683 2
2684 2
2685 5
2686 2
2687 2
2688 5
2689 2
2690 2
2691 2
2692 2
2693 2
2694 1
2695 2
2696 2
2697 2
2698 2
2699 3
2700 2
2701 2
2702 1
2703 2
2704 2
2705 2
2706 2
2707 2
2708 2
2709 2
2710 5
2711 2
2712 5
2713 2
2714 2
2715 2
2716 2
2717 2
2718 1
2719 2
2720 1
2721 2
2722 2
2723 2
2724 2
2725 2
2726 5
2727 7
2728 2
2729 2
2730 2
2731 1
2732 2
2733 5
2734 1
2735 2
2736 1
2737 1
2738 5
2739 2
2740 2
2741 1
2742 1
2743 2
2744 2
2745 2
2746 2
2747 5
2748 1
2749 5
2750 2
2751 2
2752 2
2753 5
2754 1
2755 2
2756 3
2757 5
2758 3
2759 2
2760 2
2761 2
2762 2
2763 2
2764 2
2765 2
2766 2
2767 2
2768 5
2769 2
2770 1
2771 1
2772 4
2773 2
2774 2
2775 1
2776 2
2777 2
2778 2
2779 4
2780 2
2781 5
2782 2
2783 3
2784 6
2785 4
2786 2
2787 2
2788 2
2789 5
2790 5
2791 2
2792 2
2793 5
2794 2
2795 1
2796 5
2797 2
2798 2
2799 5
2800 5
2801 3
2802 2
2803 3
2804 2
2805 2
2806 1
2807 2
2808 2
2809 2
2810 2
2811 2
2812 2
2813 1
2814 3
2815 1
2816 2
2817 2
2818 2
2819 2
2820 2
2821 2
2822 3
2823 3
2824 2
2825 2
2826 1
2827 2
2828 4
2829 2
2830 2
2831 2
2832 2
2833 2
2834 4
2835 2
2836 1
2837 1
2838 1
2839 2
2840 2
2841 2
2842 2
2843 2
2844 2
2845 2
2846 1
2847 5
2848 2
2849 2
2850 2
2851 5
2852 2
2853 4
2854 2
2855 2
2856 2
2857 2
2858 2
2859 2
2860 2
2861 2
2862 5
2863 4
2864 2
2865 1
2866 1
2867 2
2868 2
2869 3
2870 1
2871 2
2872 2
2873 2
2874 2
2875 2
2876 2
2877 5
2878 2
2879 2
2880 5
2881 2
2882 7
2883 2
2884 2
2885 1
2886 1
2887 2
2888 2
2889 1
2890 6
2891 2
2892 2
2893 2
2894 2
2895 1
2896 3
2897 2
2898 2
2899 2
2900 1
2901 1
2902 2
2903 2
2904 2
2905 1
2906 5
2907 2
2908 5
2909 2
2910 2
2911 2
2912 4
2913 2
2914 2
2915 2
2916 1
2917 5
2918 5
2919 2
2920 2
2921 3
2922 5
2923 1
2924 2
2925 2
2926 2
2927 2
2928 7
2929 2
2930 1
2931 1
2932 5
2933 2
2934 5
2935 5
2936 1
2937 2
2938 2
2939 2
2940 2
2941 2
2942 5
2943 2
2944 1
2945 2
2946 2
2947 2
2948 1
2949 5
2950 2
2951 2
2952 2
2953 5
2954 5
2955 2
2956 2
2957 2
2958 2
2959 2
2960 2
2961 1
2962 2
2963 2
2964 2
2965 2
2966 2
2967 2
2968 2
2969 2
2970 2
2971 2
2972 2
2973 6
2974 2
2975 2
2976 2
2977 1
2978 2
2979 2
2980 3
2981 6
2982 2
2983 5
2984 2
2985 2
2986 5
2987 2
2988 2
2989 1
2990 1
2991 2
2992 2
2993 3
2994 2
2995 2
2996 2
2997 1
2998 2
2999 2
3000 3
3001 2
3002 4
3003 2
3004 2
3005 5
3006 2
3007 2
3008 2
3009 2
3010 2
3011 2
3012 1
3013 2
3014 2
3015 2
3016 2
3017 2
3018 4
3019 1
3020 2
3021 2
3022 2
3023 2
3024 2
3025 2
3026 2
3027 2
3028 2
3029 2
3030 2
3031 7
3032 5
3033 2
3034 5
3035 2
3036 2
3037 5
3038 2
3039 2
3040 7
3041 2
3042 2
3043 2
3044 6
3045 2
3046 5
3047 2
3048 2
3049 2
3050 2
3051 2
3052 2
3053 2
3054 2
3055 2
3056 5
3057 2
3058 5
3059 2
3060 2
3061 2
3062 2
3063 2
3064 1
3065 5
3066 2
3067 2
3068 2
3069 1
3070 2
3071 7
3072 5
3073 3
3074 2
3075 2
3076 2
3077 3
3078 2
3079 2
3080 2
3081 1
3082 3
3083 4
3084 2
3085 2
3086 2
3087 5
3088 2
3089 2
3090 5
3091 2
3092 4
3093 2
3094 2
3095 5
3096 2
3097 5
3098 2
3099 2
3100 3
3101 2
3102 2
3103 2
3104 2
3105 2
3106 2
3107 2
3108 2
3109 2
3110 2
3111 4
3112 7
3113 5
3114 1
3115 2
3116 2
3117 1
3118 3
3119 1
3120 2
3121 2
3122 1
3123 5
3124 4
3125 2
3126 1
3127 2
3128 2
3129 5
3130 6
3131 5
3132 2
3133 7
3134 1
3135 2
3136 2
3137 2
3138 5
3139 2
3140 2
3141 2
3142 2
3143 4
3144 2
3145 2
3146 2
3147 2
3148 2
3149 2
3150 2
3151 2
3152 4
3153 5
3154 2
3155 2
3156 4
3157 2
3158 5
3159 2
3160 2
3161 2
3162 4
3163 2
3164 2
3165 5
3166 5
3167 7
3168 2
3169 6
3170 2
3171 5
3172 2
3173 2
3174 2
3175 2
3176 2
3177 2
3178 2
3179 2
3180 5
3181 2
3182 5
3183 2
3184 2
3185 2
3186 3
3187 2
3188 1
3189 2
3190 2
3191 2
3192 3
3193 2
3194 2
3195 2
3196 2
3197 2
3198 2
3199 2
3200 2
3201 2
3202 3
3203 2
3204 5
3205 2
3206 2
3207 5
3208 1
3209 2
3210 1
3211 7
3212 2
3213 5
3214 3
3215 1
3216 2
3217 2
3218 1
3219 2
3220 2
3221 2
3222 2
3223 2
3224 2
3225 2
3226 2
3227 2
3228 2
3229 2
3230 1
3231 2
3232 2
3233 6
3234 2
3235 2
3236 2
3237 2
3238 2
3239 2
3240 2
3241 4
3242 3
3243 5
3244 2
3245 1
3246 3
3247 2
3248 2
3249 2
3250 5
3251 2
3252 2
3253 2
3254 2
3255 2
3256 2
3257 5
3258 2
3259 2
3260 2
3261 5
3262 5
3263 2
3264 2
3265 2
3266 2
3267 1
3268 2
3269 2
3270 2
3271 2
3272 5
3273 2
3274 4
3275 2
3276 4
3277 2
3278 2
3279 2
3280 2
3281 2
3282 2
3283 1
3284 2
3285 2
3286 2
3287 2
3288 5
3289 2
3290 2
3291 2
3292 2
3293 2
3294 2
3295 2
3296 2
3297 3
3298 2
3299 2
3300 2
3301 1
3302 3
3303 2
3304 1
3305 2
3306 2
3307 2
3308 2
3309 1
3310 2
3311 2
3312 2
3313 5
3314 2
3315 2
3316 3
3317 2
3318 2
3319 5
3320 2
3321 2
3322 1
3323 2
3324 1
3325 5
3326 2
3327 3
3328 2
3329 3
3330 2
3331 2
3332 2
3333 2
3334 2
3335 2
3336 5
3337 3
3338 2
3339 5
3340 5
3341 3
3342 5
3343 5
3344 2
3345 2
3346 2
3347 3
3348 2
3349 2
3350 6
3351 5
3352 2
3353 2
3354 3
3355 2
3356 7
3357 2
3358 1
3359 2
3360 1
3361 2
3362 2
3363 2
3364 2
3365 1
3366 2
3367 3
3368 3
3369 7
3370 2
3371 2
3372 2
3373 2
3374 5
3375 2
3376 1
3377 2
3378 2
3379 5
3380 2
3381 2
3382 5
3383 2
3384 2
3385 3
3386 2
3387 2
3388 4
3389 2
3390 1
3391 2
3392 2
3393 2
3394 1
3395 5
3396 2
3397 1
3398 7
3399 2
3400 2
3401 2
3402 2
3403 5
3404 2
3405 5
3406 1
3407 2
3408 2
3409 5
3410 2
3411 5
3412 2
3413 2
3414 1
3415 2
3416 2
3417 2
3418 1
3419 5
3420 2
3421 2
3422 2
3423 2
3424 5
3425 2
3426 1
3427 2
3428 1
3429 3
3430 3
3431 2
3432 1
3433 2
3434 5
3435 2
3436 2
3437 5
3438 2
3439 2
3440 2
3441 1
3442 2
3443 2
3444 1
3445 2
3446 5
3447 2
3448 2
3449 5
3450 5
3451 1
3452 5
3453 2
3454 2
3455 2
3456 3
3457 7
3458 5
3459 1
3460 2
3461 2
3462 2
3463 2
3464 2
3465 3
3466 2
3467 2
3468 2
3469 2
3470 2
3471 2
3472 2
3473 2
3474 2
3475 2
3476 2
3477 1
3478 2
3479 2
3480 4
3481 2
3482 5
3483 2
3484 2
3485 2
3486 2
3487 3
3488 2
3489 2
3490 2
3491 2
3492 2
3493 2
3494 2
3495 3
3496 1
3497 2
3498 2
3499 2
3500 2
3501 2
3502 2
3503 5
3504 2
3505 5
3506 2
3507 2
3508 2
3509 2
3510 2
3511 2
3512 1
3513 2
3514 2
3515 2
3516 2
3517 4
3518 4
3519 2
3520 2
3521 2
3522 2
3523 2
3524 2
3525 2
3526 2
3527 2
3528 2
3529 2
3530 3
3531 2
3532 2
3533 2
3534 1
3535 2
3536 2
3537 2
3538 2
3539 5
3540 2
3541 5
3542 2
3543 3
3544 2
3545 3
3546 2
3547 2
3548 2
3549 1
3550 2
3551 2
3552 2
3553 1
3554 2
3555 2
3556 1
3557 2
3558 2
3559 2
3560 3
3561 2
3562 2
3563 2
3564 2
3565 2
3566 1
3567 2
3568 2
3569 2
3570 2
3571 5
3572 2
3573 2
3574 3
3575 2
3576 5
3577 5
3578 1
3579 2
3580 5
3581 2
3582 2
3583 5
3584 2
3585 2
3586 2
3587 2
3588 2
3589 4
3590 2
3591 1
3592 2
3593 4
3594 1
3595 2
3596 2
3597 2
3598 1
3599 2
3600 1
3601 2
3602 2
3603 2
3604 2
3605 2
3606 2
3607 3
3608 2
3609 2
3610 2
3611 2
3612 2
3613 6
3614 2
3615 2
3616 2
3617 3
3618 2
3619 1
3620 1
3621 2
3622 1
3623 2
3624 2
3625 2
3626 2
3627 2
3628 2
3629 2
3630 2
3631 7
3632 1
3633 3
3634 1
3635 5
3636 4
3637 2
3638 2
3639 2
3640 6
3641 2
3642 1
3643 2
3644 2
3645 5
3646 1
3647 3
3648 2
3649 1
3650 2
3651 5
3652 2
3653 1
3654 2
3655 2
3656 5
3657 2
3658 2
3659 2
3660 2
3661 5
3662 4
3663 2
3664 2
3665 2
3666 2
3667 2
3668 2
3669 2
3670 3
3671 2
3672 2
3673 2
3674 2
3675 2
3676 2
3677 4
3678 2
3679 5
3680 1
3681 2
3682 2
3683 2
3684 1
3685 2
3686 2
3687 1
3688 2
3689 2
3690 2
3691 2
3692 1
3693 7
3694 2
3695 3
3696 2
3697 2
3698 2
3699 2
3700 2
3701 4
3702 2
3703 5
3704 1
3705 2
3706 2
3707 2
3708 5
3709 2
3710 2
3711 2
3712 2
3713 2
3714 2
3715 2
3716 1
3717 2
3718 2
3719 2
3720 2
3721 2
3722 2
3723 2
3724 2
3725 7
3726 2
3727 5
3728 2
3729 2
3730 2
3731 5
3732 7
3733 2
3734 2
3735 2
3736 2
3737 3
3738 2
3739 2
3740 2
3741 2
3742 2
3743 3
3744 2
3745 5
3746 2
3747 2
3748 2
3749 5
3750 2
3751 2
3752 2
3753 2
3754 2
3755 2
3756 2
3757 2
3758 2
3759 2
3760 5
3761 1
3762 1
3763 2
3764 5
3765 2
3766 4
3767 2
3768 2
3769 2
3770 2
3771 1
3772 2
3773 2
3774 5
3775 2
3776 2
3777 2
3778 2
3779 2
3780 2
3781 4
3782 2
3783 2
3784 2
3785 2
3786 1
3787 2
3788 2
3789 2
3790 2
3791 2
3792 2
3793 2
3794 2
3795 2
3796 2
3797 2
3798 1
3799 2
3800 3
3801 3
3802 2
3803 2
3804 5
3805 2
3806 5
3807 4
3808 2
3809 2
3810 2
3811 5
3812 5
3813 2
3814 2
3815 1
3816 2
3817 1
3818 2
3819 2
3820 5
3821 2
3822 1
3823 2
3824 5
3825 3
3826 4
3827 5
3828 2
3829 2
3830 2
3831 5
3832 5
3833 2
3834 2
3835 2
3836 2
3837 2
3838 1
3839 1
3840 2
3841 3
3842 2
3843 2
3844 2
3845 2
3846 2
3847 2
3848 2
3849 2
3850 2
3851 2
3852 2
3853 2
3854 2
3855 2
3856 2
3857 5
3858 2
3859 2
3860 1
3861 2
3862 5
3863 2
3864 3
3865 2
3866 1
3867 2
3868 6
3869 5
3870 2
3871 5
3872 3
3873 2
3874 2
3875 2
3876 5
3877 5
3878 4
3879 2
3880 2
3881 4
3882 5
3883 2
3884 2
3885 5
3886 3
3887 2
3888 2
3889 2
3890 2
3891 1
3892 2
3893 3
3894 2
3895 2
3896 1
3897 1
3898 5
3899 2
3900 5
3901 1
3902 2
3903 1
3904 4
3905 5
3906 2
3907 2
3908 5
3909 5
3910 3
3911 3
3912 2
3913 2
3914 2
3915 2
3916 5
3917 2
3918 2
3919 5
3920 2
3921 3
3922 2
3923 2
3924 1
3925 2
3926 3
3927 1
3928 2
3929 5
3930 2
3931 2
3932 1
3933 3
3934 1
3935 7
3936 2
3937 2
3938 1
3939 2
3940 2
3941 2
3942 1
3943 3
3944 2
3945 1
3946 2
3947 7
3948 2
3949 2
3950 1
3951 2
3952 2
3953 1
3954 2
3955 2
3956 2
3957 2
3958 2
3959 2
3960 3
3961 2
3962 2
3963 2
3964 2
3965 2
3966 2
3967 2
3968 2
3969 2
3970 2
3971 2
3972 1
3973 2
3974 2
3975 5
3976 2
3977 2
3978 2
3979 2
3980 2
3981 5
3982 2
3983 2
3984 1
3985 2
3986 3
3987 2
3988 2
3989 1
3990 2
3991 2
3992 5
3993 2
3994 3
3995 4
3996 5
3997 5
3998 5
3999 2
4000 6
4001 2
4002 2
4003 2
4004 2
4005 2
4006 2
4007 2
4008 2
4009 2
4010 2
4011 5
4012 2
4013 2
4014 2
4015 5
4016 2
4017 2
4018 2
4019 2
4020 2
4021 2
4022 2
4023 5
4024 2
4025 2
4026 5
4027 2
4028 2
4029 2
4030 2
4031 2
4032 2
4033 1
4034 5
4035 5
4036 5
4037 2
4038 2
4039 4
4040 1
4041 5
4042 2
4043 7
4044 2
4045 2
4046 2
4047 2
4048 2
4049 2
4050 1
4051 2
4052 2
4053 2
4054 2
4055 3
4056 2
4057 2
4058 2
4059 3
4060 2
4061 2
4062 4
4063 2
4064 2
4065 2
4066 2
4067 2
4068 4
4069 5
4070 2
4071 2
4072 2
4073 2
4074 2
4075 2
4076 2
4077 4
4078 2
4079 5
4080 2
4081 2
4082 2
4083 2
4084 2
4085 1
4086 2
4087 2
4088 2
4089 2
4090 2
4091 2
4092 2
4093 2
4094 5
4095 2
4096 2
4097 4
4098 2
4099 3
4100 2
4101 3
4102 2
4103 2
4104 2
4105 2
4106 2
4107 4
4108 2
4109 2
4110 1
4111 2
4112 2
4113 3
4114 1
4115 5
4116 2
4117 2
4118 2
4119 2
4120 2
4121 2
4122 2
4123 3
4124 2
4125 1
4126 2
4127 1
4128 5
4129 2
4130 2
4131 1
4132 2
4133 2
4134 2
4135 2
4136 3
4137 2
4138 2
4139 2
4140 2
4141 5
4142 2
4143 5
4144 2
4145 3
4146 2
4147 1
4148 1
4149 2
4150 2
4151 1
4152 2
4153 4
4154 2
4155 3
4156 5
4157 2
4158 3
4159 2
4160 2
4161 2
4162 3
4163 2
4164 5
4165 2
4166 2
4167 2
4168 2
4169 2
4170 2
4171 2
4172 1
4173 2
4174 4
4175 1
4176 2
4177 2
4178 2
4179 2
4180 2
4181 2
4182 2
4183 2
4184 2
4185 1
4186 5
4187 2
4188 3
4189 2
4190 2
4191 2
4192 2
4193 2
4194 2
4195 2
4196 2
4197 2
4198 2
4199 2
4200 2
4201 2
4202 2
4203 1
4204 1
4205 2
4206 5
4207 2
4208 5
4209 2
4210 5
4211 2
4212 1
4213 2
4214 1
4215 2
4216 2
4217 1
4218 5
4219 2
4220 2
4221 4
4222 2
4223 2
4224 2
4225 2
4226 1
4227 2
4228 1
4229 2
4230 3
4231 2
4232 2
4233 1
4234 2
4235 5
4236 2
4237 2
4238 2
4239 5
4240 2
4241 2
4242 2
4243 2
4244 2
4245 2
4246 2
4247 1
4248 2
4249 2
4250 2
4251 6
4252 1
4253 2
4254 2
4255 1
4256 3
4257 2
4258 1
4259 1
4260 2
4261 2
4262 2
4263 2
4264 2
4265 1
4266 4
4267 2
4268 2
4269 2
4270 2
4271 2
4272 2
4273 2
4274 2
4275 2
4276 2
4277 2
4278 2
4279 1
4280 5
4281 2
4282 5
4283 4
4284 2
4285 2
4286 2
4287 1
4288 2
4289 2
4290 3
4291 7
4292 5
4293 2
4294 2
4295 2
4296 1
4297 5
4298 1
4299 2
4300 2
4301 4
4302 2
4303 2
4304 5
4305 2
4306 2
4307 1
4308 2
4309 2
4310 1
4311 2
4312 2
4313 2
4314 5
4315 2
4316 2
4317 2
4318 2
4319 2
4320 2
4321 2
4322 2
4323 5
4324 1
4325 2
4326 2
4327 5
4328 1
4329 2
4330 2
4331 2
4332 2
4333 2
4334 2
4335 2
4336 2
4337 5
4338 2
4339 5
4340 5
4341 1
4342 2
4343 2
4344 2
4345 2
4346 1
4347 2
4348 5
4349 2
4350 2
4351 2
4352 5
4353 2
4354 2
4355 2
4356 2
4357 2
4358 2
4359 2
4360 5
4361 2
4362 2
4363 2
4364 2
4365 2
4366 2
4367 2
4368 2
4369 2
4370 5
4371 5
4372 5
4373 2
4374 2
4375 2
4376 1
4377 1
4378 5
4379 2
4380 2
4381 1
4382 2
4383 1
4384 2
4385 2
4386 3
4387 3
4388 2
4389 2
4390 2
4391 5
4392 2
4393 2
4394 1
4395 5
4396 2
4397 2
4398 2
4399 2
4400 2
4401 2
4402 2
4403 2
4404 2
4405 2
4406 2
4407 2
4408 1
4409 4
4410 1
4411 2
4412 2
4413 1
4414 3
4415 5
4416 2
4417 7
4418 2
4419 2
4420 1
4421 2
4422 7
4423 2
4424 6
4425 3
4426 2
4427 3
4428 6
4429 2
4430 2
4431 5
4432 4
4433 2
4434 2
4435 2
4436 2
4437 4
4438 6
4439 1
4440 2
4441 2
4442 2
4443 2
4444 2
4445 1
4446 4
4447 1
4448 3
4449 2
4450 2
4451 2
4452 6
4453 2
4454 4
4455 2
4456 1
4457 2
4458 2
4459 6
4460 1
4461 3
4462 2
4463 2
4464 2
4465 2
4466 2
4467 1
4468 2
4469 2
4470 2
4471 2
4472 5
4473 2
4474 2
4475 1
4476 4
4477 2
4478 3
4479 2
4480 4
4481 2
4482 2
4483 2
4484 2
4485 2
4486 2
4487 5
4488 1
4489 1
4490 2
4491 5
4492 5
4493 3
4494 2
4495 2
4496 2
4497 2
4498 2
4499 2
4500 2
4501 2
4502 3
4503 2
4504 2
4505 5
4506 2
4507 5
4508 1
4509 1
4510 2
4511 3
4512 2
4513 2
4514 2
4515 2
4516 4
4517 2
4518 5
4519 5
4520 1
4521 2
4522 2
4523 2
4524 2
4525 2
4526 2
4527 2
4528 2
4529 4
4530 1
4531 2
4532 2
4533 2
4534 2
4535 2
4536 2
4537 2
4538 2
4539 2
4540 2
4541 2
4542 1
4543 2
4544 2
4545 1
4546 2
4547 1
4548 2
4549 5
4550 2
4551 2
4552 2
4553 1
4554 2
4555 3
4556 2
4557 5
4558 2
4559 2
4560 2
4561 5
4562 2
4563 2
4564 2
4565 2
4566 2
4567 1
4568 5
4569 2
4570 2
4571 1
4572 2
4573 2
4574 2
4575 3
4576 2
4577 2
4578 2
4579 2
4580 2
4581 2
4582 2
4583 4
4584 2
4585 2
4586 2
4587 2
4588 5
4589 2
4590 1
4591 2
4592 2
4593 2
4594 2
4595 5
4596 2
4597 3
4598 2
4599 5
4600 2
4601 5
4602 5
4603 2
4604 2
4605 2
4606 2
4607 3
4608 2
4609 2
4610 5
4611 2
4612 2
4613 2
4614 2
4615 2
4616 2
4617 1
4618 4
4619 7
4620 2
4621 2
4622 2
4623 5
4624 2
4625 2
4626 2
4627 5
4628 2
4629 2
4630 2
4631 5
4632 4
4633 2
4634 2
4635 1
4636 2
4637 2
4638 3
4639 2
4640 5
4641 1
4642 6
4643 1
4644 4
4645 5
4646 2
4647 2
4648 2
4649 2
4650 2
4651 7
4652 5
4653 2
4654 3
4655 2
4656 5
4657 2
4658 2
4659 2
4660 3
4661 2
4662 5
4663 1
4664 2
4665 2
4666 1
4667 3
4668 2
4669 1
4670 2
4671 2
4672 2
4673 2
4674 2
4675 2
4676 2
4677 2
4678 2
4679 2
4680 2
4681 5
4682 2
4683 2
4684 5
4685 2
4686 3
4687 2
4688 2
4689 2
4690 1
4691 2
4692 2
4693 2
4694 2
4695 1
4696 2
4697 1
4698 2
4699 2
4700 1
4701 1
4702 2
4703 5
4704 2
4705 2
4706 2
4707 2
4708 2
4709 2
4710 2
4711 2
4712 1
4713 1
4714 5
4715 3
4716 2
4717 1
4718 5
4719 2
4720 2
4721 2
4722 2
4723 6
4724 2
4725 2
4726 2
4727 2
4728 2
4729 2
4730 2
4731 5
4732 2
4733 2
4734 5
4735 2
4736 5
4737 3
4738 2
4739 5
4740 2
4741 2
4742 1
4743 1
4744 2
4745 2
4746 2
4747 5
4748 2
4749 4
4750 2
4751 2
4752 2
4753 5
4754 2
4755 3
4756 2
4757 2
4758 2
4759 3
4760 2
4761 2
4762 2
4763 2
4764 2
4765 2
4766 2
4767 2
4768 5
4769 2
4770 2
4771 2
4772 5
4773 2
4774 2
4775 2
4776 2
4777 2
4778 2
4779 3
4780 2
4781 1
4782 2
4783 6
4784 1
4785 2
4786 2
4787 2
4788 2
4789 2
4790 7
4791 2
4792 2
4793 2
4794 2
4795 5
4796 3
4797 1
4798 3
4799 2
4800 1
4801 5
4802 2
4803 2
4804 5
4805 5
4806 2
4807 5
4808 2
4809 2
4810 5
4811 2
4812 1
4813 2
4814 2
4815 1
4816 5
4817 2
4818 2
4819 3
4820 2
4821 2
4822 2
4823 2
4824 2
4825 2
4826 3
4827 2
4828 2
4829 2
4830 2
4831 2
4832 3
4833 2
4834 5
4835 5
4836 2
4837 2
4838 1
4839 2
4840 2
4841 2
4842 2
4843 2
4844 4
4845 4
4846 2
4847 2
4848 2
4849 2
4850 2
4851 2
4852 2
4853 2
4854 2
4855 2
4856 2
4857 2
4858 2
4859 2
4860 2
4861 2
4862 2
4863 3
4864 1
4865 2
4866 1
4867 3
4868 1
4869 2
4870 2
4871 5
4872 3
4873 2
4874 2
4875 2
4876 2
4877 2
4878 2
4879 5
4880 2
4881 2
4882 5
4883 2
4884 1
4885 2
4886 2
4887 5
4888 2
4889 3
4890 5
4891 3
4892 5
4893 2
4894 7
4895 5
4896 2
4897 2
4898 2
4899 1
4900 2
4901 2
4902 2
4903 5
4904 2
4905 3
4906 2
4907 2
4908 2
4909 1
4910 2
4911 5
4912 4
4913 1
4914 2
4915 5
4916 2
4917 1
4918 5
4919 1
4920 2
4921 2
4922 2
4923 5
4924 2
4925 1
4926 1
4927 2
4928 2
4929 1
4930 2
4931 2
4932 6
4933 2
4934 5
4935 2
4936 3
4937 2
4938 2
4939 1
4940 2
4941 5
4942 2
4943 2
4944 1
4945 2
4946 5
4947 2
4948 2
4949 2
4950 2
4951 2
4952 5
4953 2
4954 2
4955 2
4956 2
4957 2
4958 5
4959 2
4960 2
4961 5
4962 2
4963 2
4964 2
4965 1
4966 2
4967 2
4968 1
4969 2
4970 3
4971 2
4972 2
4973 2
4974 2
4975 2
4976 2
4977 2
4978 1
4979 2
4980 2
4981 2
4982 5
4983 2
4984 2
4985 2
4986 2
4987 3
4988 4
4989 2
4990 2
4991 2
4992 2
4993 2
4994 2
4995 2
4996 2
4997 2
4998 1
4999 2
5000 2
5001 2
5002 1
5003 2
5004 2
5005 5
5006 2
5007 5
5008 2
5009 2
5010 5
5011 2
5012 5
5013 6
5014 2
5015 3
5016 4
5017 2
5018 5
5019 7
5020 2
5021 2
5022 5
5023 2
5024 2
5025 3
5026 2
5027 2
5028 2
5029 4
5030 3
5031 2
5032 2
5033 2
5034 2
5035 2
5036 2
5037 5
5038 2
5039 2
5040 2
5041 2
5042 2
5043 5
5044 5
5045 2
5046 1
5047 2
5048 2
5049 2
5050 5
5051 2
5052 2
5053 2
5054 2
5055 2
5056 2
5057 5
5058 2
5059 3
5060 2
5061 5
5062 2
5063 7
5064 2
5065 2
5066 2
5067 1
5068 2
5069 3
5070 2
5071 1
5072 2
5073 2
5074 2
5075 2
5076 2
5077 1
5078 2
5079 3
5080 3
5081 2
5082 2
5083 2
5084 2
5085 2
5086 2
5087 2
5088 5
5089 2
5090 2
5091 2
5092 2
5093 2
5094 2
5095 2
5096 2
5097 2
5098 2
5099 2
5100 2
5101 5
5102 5
5103 2
5104 1
5105 5
5106 2
5107 2
5108 3
5109 1
5110 2
5111 2
5112 2
5113 2
5114 1
5115 2
5116 5
5117 1
5118 3
5119 2
5120 2
5121 3
5122 2
5123 2
5124 2
5125 2
5126 2
5127 2
5128 5
5129 2
5130 2
5131 5
5132 2
5133 2
5134 2
5135 2
5136 2
5137 2
5138 2
5139 5
5140 2
5141 5
5142 1
5143 1
5144 2
5145 5
5146 2
5147 1
5148 2
5149 2
5150 2
5151 2
5152 2
5153 2
5154 2
5155 2
5156 5
5157 2
5158 1
5159 5
5160 2
5161 2
5162 2
5163 2
5164 2
5165 2
5166 1
5167 2
5168 2
5169 2
5170 5
5171 4
5172 2
5173 2
5174 2
5175 2
5176 2
5177 2
5178 5
5179 2
5180 1
5181 3
5182 5
5183 2
5184 2
5185 2
5186 2
5187 2
5188 2
5189 2
5190 2
5191 5
5192 2
5193 2
5194 2
5195 2
5196 2
5197 2
5198 2
5199 2
5200 2
5201 4
5202 2
5203 6
5204 5
5205 7
5206 2
5207 2
5208 2
5209 2
5210 1
5211 5
5212 2
5213 3
5214 4
5215 2
5216 2
5217 1
5218 2
5219 2
5220 3
5221 2
5222 2
5223 2
5224 2
5225 2
5226 2
5227 2
5228 2
5229 4
5230 2
5231 2
5232 2
5233 2
5234 3
5235 4
5236 2
5237 1
5238 2
5239 3
5240 5
5241 2
5242 5
5243 2
5244 3
5245 2
5246 2
5247 2
5248 3
5249 2
5250 2
5251 3
5252 2
5253 2
5254 2
5255 1
5256 2
5257 1
5258 5
5259 5
5260 2
5261 2
5262 2
5263 2
5264 2
5265 4
5266 2
5267 3
5268 2
5269 1
5270 1
5271 3
5272 2
5273 2
5274 2
5275 2
5276 2
5277 2
5278 4
5279 2
5280 1
5281 3
5282 2
5283 7
5284 1
5285 2
5286 2
5287 2
5288 2
5289 2
5290 2
5291 2
5292 6
5293 2
5294 2
5295 2
5296 2
5297 5
5298 5
5299 2
5300 2
5301 2
5302 1
5303 2
5304 2
5305 2
5306 4
5307 2
5308 2
5309 1
5310 2
5311 2
5312 5
5313 2
5314 2
5315 2
5316 2
5317 2
5318 3
5319 5
5320 2
5321 5
5322 2
5323 2
5324 1
5325 5
5326 1
5327 7
5328 6
5329 5
5330 2
5331 2
5332 2
5333 2
5334 4
5335 2
5336 2
5337 4
5338 2
5339 2
5340 2
5341 2
5342 2
5343 4
5344 5
5345 1
5346 1
5347 2
5348 2
5349 2
5350 2
5351 2
5352 5
5353 2
5354 7
5355 2
5356 2
5357 2
5358 7
5359 2
5360 2
5361 2
5362 3
5363 2
5364 2
5365 5
5366 2
5367 2
5368 5
5369 2
5370 5
5371 2
5372 2
5373 3
5374 2
5375 1
5376 2
5377 5
5378 2
5379 2
5380 2
5381 1
5382 2
5383 4
5384 2
5385 2
5386 2
5387 7
5388 3
5389 2
5390 2
5391 2
5392 2
5393 2
5394 3
5395 2
5396 3
5397 2
5398 2
5399 7
5400 2
5401 4
5402 2
5403 1
5404 2
5405 2
5406 2
5407 2
5408 2
5409 2
5410 3
5411 2
5412 4
5413 2
5414 2
5415 2
5416 2
5417 3
5418 2
5419 2
5420 2
5421 2
5422 4
5423 7
5424 2
5425 2
5426 2
5427 2
5428 1
5429 3
5430 2
5431 2
5432 2
5433 2
5434 1
5435 1
5436 2
5437 2
5438 1
5439 2
5440 5
5441 2
5442 2
5443 2
5444 2
5445 2
5446 7
5447 2
5448 1
5449 2
5450 5
5451 2
5452 3
5453 2
5454 1
5455 2
5456 2
5457 2
5458 1
5459 2
5460 2
5461 2
5462 5
5463 2
5464 2
5465 2
5466 2
5467 2
5468 2
5469 2
5470 2
5471 2
5472 1
5473 2
5474 1
5475 1
5476 2
5477 3
5478 2
5479 2
5480 2
5481 2
5482 2
5483 2
5484 3
5485 2
5486 2
5487 2
5488 2
5489 2
5490 2
5491 1
5492 2
5493 2
5494 2
5495 1
5496 2
5497 2
5498 2
5499 2
5500 2
5501 2
5502 2
5503 2
5504 1
5505 2
5506 2
5507 2
5508 2
5509 5
5510 7
5511 2
5512 2
5513 2
5514 2
5515 2
5516 1
5517 2
5518 2
5519 2
5520 2
5521 1
5522 2
5523 5
5524 5
5525 2
5526 1
5527 2
5528 2
5529 2
5530 2
5531 2
5532 5
5533 2
5534 1
5535 2
5536 2
5537 1
5538 2
5539 2
5540 2
5541 2
5542 2
5543 3
5544 2
5545 2
5546 5
5547 2
5548 2
5549 2
5550 3
5551 5
5552 1
5553 3
5554 5
5555 1
5556 2
5557 2
5558 2
5559 2
5560 2
5561 2
5562 2
5563 2
5564 2
5565 1
5566 2
5567 3
5568 2
5569 2
5570 2
5571 2
5572 4
5573 1
5574 2
5575 7
5576 2
5577 2
5578 1
5579 2
5580 2
5581 2
5582 5
5583 2
5584 4
5585 3
5586 2
5587 2
5588 5
5589 6
5590 2
5591 2
5592 2
5593 2
5594 3
5595 2
5596 2
5597 3
5598 4
5599 5
5600 2
5601 1
5602 2
5603 2
5604 2
5605 2
5606 2
5607 5
5608 2
5609 2
5610 1
5611 2
5612 2
5613 5
5614 1
5615 2
5616 1
5617 2
5618 2
5619 2
5620 7
5621 2
5622 2
5623 2
5624 1
5625 2
5626 2
5627 5
5628 2
5629 2
5630 2
5631 4
5632 2
5633 2
5634 2
5635 1
5636 2
5637 2
5638 2
5639 2
5640 5
5641 2
5642 3
5643 2
5644 5
5645 1
5646 1
5647 2
5648 5
5649 2
5650 5
5651 5
5652 2
5653 2
5654 2
5655 5
5656 2
5657 2
5658 5
5659 4
5660 2
5661 2
5662 2
5663 2
5664 2
5665 2
5666 2
5667 5
5668 2
5669 1
5670 2
5671 2
5672 2
5673 2
5674 1
5675 2
5676 4
5677 2
5678 2
5679 5
5680 2
5681 2
5682 2
5683 2
5684 3
5685 2
5686 2
5687 2
5688 2
5689 2
5690 3
5691 2
5692 2
5693 3
5694 2
5695 2
5696 3
5697 2
5698 2
5699 2
5700 2
5701 1
5702 1
5703 2
5704 5
5705 2
5706 2
5707 2
5708 2
5709 2
5710 2
5711 2
5712 2
5713 2
5714 1
5715 2
5716 5
5717 3
5718 2
5719 2
5720 2
5721 2
5722 2
5723 2
5724 2
5725 1
5726 2
5727 1
5728 2
5729 1
5730 2
5731 2
5732 2
5733 2
5734 2
5735 2
5736 5
5737 4
5738 2
5739 2
5740 1
5741 2
5742 2
5743 3
5744 5
5745 2
5746 5
5747 2
5748 5
5749 2
5750 1
5751 2
5752 2
5753 5
5754 4
5755 2
5756 6
5757 2
5758 7
5759 4
5760 2
5761 4
5762 2
5763 2
5764 2
5765 2
5766 2
5767 5
5768 2
5769 2
5770 2
5771 2
5772 3
5773 1
5774 1
5775 5
5776 3
5777 2
5778 2
5779 2
5780 3
5781 2
5782 2
5783 2
5784 6
5785 2
5786 1
5787 2
5788 2
5789 5
5790 2
5791 2
5792 5
5793 2
5794 5
5795 5
5796 2
5797 2
5798 3
5799 3
5800 2
5801 5
5802 2
5803 1
5804 2
5805 2
5806 2
5807 1
5808 1
5809 2
5810 3
5811 2
5812 2
5813 5
5814 3
5815 3
5816 2
5817 2
5818 2
5819 2
5820 6
5821 2
5822 2
5823 2
5824 2
5825 1
5826 4
5827 2
5828 2
5829 2
5830 2
5831 4
5832 2
5833 2
5834 2
5835 2
5836 2
5837 7
5838 2
5839 4
5840 2
5841 5
5842 2
5843 2
5844 7
5845 2
5846 2
5847 2
5848 1
5849 4
5850 2
5851 2
5852 2
5853 2
5854 2
5855 2
5856 5
5857 2
5858 2
5859 5
5860 2
5861 2
5862 5
5863 2
5864 2
5865 2
5866 2
5867 2
5868 5
5869 4
5870 2
5871 1
5872 2
5873 2
5874 2
5875 1
5876 2
5877 2
5878 2
5879 2
5880 2
5881 2
5882 2
5883 2
5884 2
5885 2
5886 2
5887 1
5888 4
5889 5
5890 2
5891 2
5892 2
5893 2
5894 2
5895 1
5896 4
5897 1
5898 2
5899 2
5900 2
5901 2
5902 5
5903 4
5904 2
5905 2
5906 3
5907 2
5908 1
5909 2
5910 2
5911 2
5912 2
5913 2
5914 5
5915 5
5916 2
5917 5
5918 4
5919 5
5920 4
5921 2
5922 2
5923 2
5924 2
5925 2
5926 2
5927 2
5928 2
5929 5
5930 2
5931 2
5932 1
5933 5
5934 5
5935 5
5936 1
5937 2
5938 4
5939 3
5940 2
5941 1
5942 2
5943 5
5944 2
5945 2
5946 2
5947 1
5948 5
5949 3
5950 2
5951 1
5952 5
5953 1
5954 2
5955 2
5956 1
5957 2
5958 2
5959 2
5960 2
5961 6
5962 4
5963 2
5964 1
5965 2
5966 2
5967 2
5968 2
5969 2
5970 1
5971 2
5972 2
5973 2
5974 2
5975 2
5976 5
5977 2
5978 2
5979 2
5980 2
5981 2
5982 2
5983 2
5984 2
5985 2
5986 2
5987 5
5988 3
5989 2
5990 3
5991 3
5992 2
5993 1
5994 2
5995 2
5996 1
5997 1
5998 2
5999 2
6000 3
6001 1
6002 2
6003 2
6004 2
6005 2
6006 1
6007 2
6008 1
6009 2
6010 2
6011 2
6012 1
6013 2
6014 2
6015 2
6016 2
6017 4
6018 2
6019 2
6020 2
6021 5
6022 2
6023 2
6024 2
6025 2
6026 2
6027 7
6028 2
6029 2
6030 2
6031 2
6032 2
6033 2
6034 3
6035 2
6036 2
6037 2
6038 2
6039 2
6040 5
6041 5
6042 2
6043 2
6044 5
6045 2
6046 2
6047 2
6048 5
6049 2
6050 2
6051 2
6052 6
6053 5
6054 3
6055 4
6056 3
6057 2
6058 1
6059 2
6060 5
6061 5
6062 2
6063 2
6064 5
6065 2
6066 2
6067 1
6068 2
6069 2
6070 2
6071 2
6072 2
6073 2
6074 2
6075 2
6076 2
6077 2
6078 7
6079 2
6080 2
6081 5
6082 2
6083 2
6084 1
6085 2
6086 7
6087 2
6088 2
6089 5
6090 2
6091 2
6092 2
6093 4
6094 2
6095 2
6096 2
6097 2
6098 2
6099 5
6100 2
6101 2
6102 2
6103 2
6104 2
6105 2
6106 2
6107 2
6108 2
6109 2
6110 2
6111 3
6112 2
6113 2
6114 2
6115 3
6116 1
6117 5
6118 2
6119 2
6120 2
6121 2
6122 1
6123 4
6124 2
6125 2
6126 2
6127 2
6128 2
6129 1
6130 2
6131 3
6132 4
6133 2
6134 1
6135 2
6136 5
6137 5
6138 1
6139 2
6140 2
6141 2
6142 2
6143 4
6144 2
6145 2
6146 2
6147 2
6148 2
6149 2
6150 6
6151 2
6152 1
6153 1
6154 2
6155 2
6156 2
6157 2
6158 2
6159 2
6160 2
6161 1
6162 1
6163 5
6164 2
6165 1
6166 3
6167 5
6168 2
6169 6
6170 2
6171 2
6172 2
6173 2
6174 2
6175 1
6176 2
6177 3
6178 1
6179 2
6180 6
6181 4
6182 2
6183 2
6184 2
6185 1
6186 3
6187 2
6188 5
6189 1
6190 2
6191 2
6192 1
6193 2
6194 2
6195 2
6196 2
6197 2
6198 5
6199 2
6200 5
6201 4
6202 2
6203 3
6204 2
6205 2
6206 2
6207 1
6208 2
6209 6
6210 2
6211 2
6212 3
6213 2
6214 5
6215 4
6216 5
6217 2
6218 3
6219 2
6220 2
6221 2
6222 2
6223 1
6224 2
6225 1
6226 6
6227 2
6228 3
6229 2
6230 2
6231 1
6232 2
6233 2
6234 1
6235 1
6236 2
6237 5
6238 2
6239 2
6240 2
6241 2
6242 2
6243 2
6244 2
6245 1
6246 2
6247 2
6248 5
6249 5
6250 2
6251 2
6252 2
6253 2
6254 5
6255 1
6256 2
6257 2
6258 2
6259 2
6260 2
6261 2
6262 2
6263 5
6264 2
6265 1
6266 2
6267 4
6268 2
6269 2
6270 2
6271 5
6272 2
6273 2
6274 2
6275 1
6276 2
6277 2
6278 5
6279 2
6280 2
6281 7
6282 2
6283 1
6284 4
6285 2
6286 2
6287 5
6288 2
6289 1
6290 5
6291 5
6292 7
6293 2
6294 2
6295 2
6296 5
6297 5
6298 2
6299 2
6300 7
6301 2
6302 5
6303 2
6304 2
6305 1
6306 2
6307 1
6308 2
6309 5
6310 2
6311 2
6312 2
6313 2
6314 2
6315 5
6316 5
6317 2
6318 2
6319 7
6320 2
6321 4
6322 2
6323 1
6324 2
6325 7
6326 6
6327 2
6328 2
6329 4
6330 2
6331 2
6332 1
6333 2
6334 1
6335 2
6336 2
6337 2
6338 2
6339 2
6340 2
6341 2
6342 1
6343 2
6344 2
6345 2
6346 6
6347 2
6348 2
6349 5
6350 2
6351 5
6352 2
6353 5
6354 2
6355 3
6356 2
6357 2
6358 2
6359 2
6360 2
6361 2
6362 2
6363 2
6364 2
6365 2
6366 2
6367 2
6368 2
6369 1
6370 2
6371 2
6372 2
6373 5
6374 1
6375 2
6376 2
6377 2
6378 4
6379 5
6380 7
6381 3
6382 2
6383 2
6384 2
6385 2
6386 2
6387 2
6388 2
6389 2
6390 1
6391 2
6392 2
6393 2
6394 2
6395 2
6396 2
6397 2
6398 2
6399 5
6400 3
6401 2
6402 2
6403 2
6404 2
6405 5
6406 1
6407 2
6408 3
6409 2
6410 1
6411 1
6412 2
6413 4
6414 1
6415 2
6416 5
6417 2
6418 5
6419 2
6420 2
6421 2
6422 6
6423 1
6424 2
6425 2
6426 2
6427 2
6428 5
6429 2
6430 2
6431 2
6432 2
6433 2
6434 2
6435 2
6436 2
6437 2
6438 7
6439 2
6440 5
6441 2
6442 6
6443 2
6444 2
6445 2
6446 5
6447 2
6448 2
6449 2
6450 2
6451 2
6452 2
6453 2
6454 2
6455 2
6456 2
6457 5
6458 2
6459 2
6460 2
6461 2
6462 2
6463 1
6464 2
6465 2
6466 1
6467 5
6468 1
6469 2
6470 2
6471 1
6472 1
6473 2
6474 5
6475 2
6476 2
6477 2
6478 2
6479 2
6480 2
6481 2
6482 4
6483 2
6484 2
6485 2
6486 5
6487 2
6488 2
6489 3
6490 2
6491 2
6492 2
6493 2
6494 2
6495 5
6496 2
6497 2
6498 2
6499 2
6500 5
6501 2
6502 2
6503 2
6504 2
6505 2
6506 2
6507 4
6508 2
6509 5
6510 2
6511 5
6512 2
6513 2
6514 1
6515 2
6516 2
6517 2
6518 2
6519 4
6520 2
6521 2
6522 2
6523 3
6524 4
6525 1
6526 4
6527 2
6528 3
6529 1
6530 2
6531 3
6532 5
6533 5
6534 2
6535 1
6536 2
6537 4
6538 2
6539 5
6540 2
6541 5
6542 1
6543 2
6544 2
6545 5
6546 2
6547 1
6548 2
6549 2
6550 2
6551 2
6552 1
6553 2
6554 2
6555 2
6556 2
6557 2
6558 2
6559 2
6560 2
6561 2
6562 2
6563 2
6564 5
6565 5
6566 2
6567 2
6568 2
6569 2
6570 3
6571 2
6572 2
6573 2
6574 2
6575 2
6576 2
6577 3
6578 2
6579 5
6580 2
6581 2
6582 7
6583 6
6584 2
6585 2
6586 2
6587 2
6588 2
6589 2
6590 2
6591 5
6592 1
6593 2
6594 2
6595 5
6596 2
6597 3
6598 2
6599 2
6600 2
6601 5
6602 2
6603 2
6604 2
6605 1
6606 2
6607 2
6608 2
6609 2
6610 2
6611 2
6612 2
6613 1
6614 3
6615 2
6616 1
6617 2
6618 2
6619 1
6620 5
6621 1
6622 5
6623 2
6624 2
6625 4
6626 2
6627 2
6628 2
6629 2
6630 2
6631 2
6632 2
6633 5
6634 2
6635 1
6636 2
6637 2
6638 2
6639 2
6640 2
6641 2
6642 2
6643 2
6644 2
6645 2
6646 2
6647 1
6648 2
6649 2
6650 5
6651 2
6652 2
6653 3
6654 2
6655 2
6656 2
6657 1
6658 2
6659 2
6660 2
6661 2
6662 2
6663 1
6664 1
6665 2
6666 3
6667 3
6668 6
6669 5
6670 2
6671 2
6672 2
6673 2
6674 5
6675 5
6676 2
6677 2
6678 2
6679 7
6680 1
6681 2
6682 5
6683 2
6684 2
6685 1
6686 2
6687 2
6688 1
6689 2
6690 3
6691 1
6692 1
6693 2
6694 2
6695 4
6696 2
6697 3
6698 2
6699 5
6700 5
6701 2
6702 5
6703 2
6704 2
6705 2
6706 2
6707 2
6708 2
6709 2
6710 5
6711 5
6712 2
6713 7
6714 5
6715 5
6716 2
6717 1
6718 1
6719 2
6720 2
6721 1
6722 1
6723 5
6724 2
6725 2
6726 2
6727 2
6728 1
6729 1
6730 2
6731 2
6732 2
6733 2
6734 2
6735 2
6736 2
6737 4
6738 2
6739 2
6740 2
6741 2
6742 2
6743 2
6744 2
6745 2
6746 2
6747 2
6748 2
6749 2
6750 1
6751 2
6752 2
6753 5
6754 1
6755 2
6756 2
6757 2
6758 1
6759 2
6760 2
6761 2
6762 2
6763 2
6764 5
6765 2
6766 2
6767 2
6768 2
6769 5
6770 1
6771 2
6772 2
6773 2
6774 7
6775 2
6776 3
6777 1
6778 5
6779 5
6780 2
6781 2
6782 2
6783 2
6784 2
6785 1
6786 2
6787 5
6788 2
6789 3
6790 2
6791 2
6792 1
6793 3
6794 5
6795 5
6796 2
6797 5
6798 5
6799 3
6800 5
6801 2
6802 2
6803 2
6804 2
6805 2
6806 5
6807 5
6808 2
6809 2
6810 2
6811 2
6812 6
6813 5
6814 2
6815 5
6816 2
6817 2
6818 1
6819 7
6820 5
6821 1
6822 1
6823 2
6824 2
6825 2
6826 5
6827 5
6828 1
6829 2
6830 2
6831 2
6832 2
6833 2
6834 3
6835 2
6836 2
6837 2
6838 5
6839 2
6840 4
6841 5
6842 2
6843 1
6844 1
6845 2
6846 2
6847 2
6848 1
6849 2
6850 2
6851 7
6852 7
6853 2
6854 2
6855 2
6856 2
6857 2
6858 2
6859 2
6860 3
6861 4
6862 2
6863 2
6864 2
6865 2
6866 1
6867 2
6868 2
6869 1
6870 6
6871 2
6872 4
6873 2
6874 2
6875 5
6876 1
6877 2
6878 5
6879 1
6880 2
6881 4
6882 2
6883 2
6884 2
6885 5
6886 1
6887 2
6888 2
6889 2
6890 1
6891 1
6892 1
6893 2
6894 1
6895 4
6896 2
6897 2
6898 2
6899 6
6900 2
6901 2
6902 2
6903 2
6904 5
6905 2
6906 2
6907 2
6908 2
6909 2
6910 2
6911 6
6912 2
6913 1
6914 2
6915 5
6916 2
6917 3
6918 1
6919 2
6920 5
6921 2
6922 1
6923 2
6924 2
6925 2
6926 1
6927 2
6928 2
6929 2
6930 2
6931 2
6932 5
6933 2
6934 2
6935 5
6936 4
6937 2
6938 2
6939 1
6940 2
6941 5
6942 7
6943 3
6944 2
6945 2
6946 2
6947 2
6948 2
6949 2
6950 3
6951 1
6952 1
6953 2
6954 2
6955 1
6956 2
6957 2
6958 3
6959 2
6960 2
6961 2
6962 2
6963 1
6964 5
6965 5
6966 2
6967 2
6968 2
6969 2
6970 1
6971 6
6972 5
6973 2
6974 2
6975 2
6976 2
6977 2
6978 2
6979 2
6980 2
6981 2
6982 2
6983 2
6984 2
6985 5
6986 2
6987 5
6988 5
6989 4
6990 2
6991 2
6992 1
6993 2
6994 2
6995 2
6996 2
6997 2
6998 2
6999 1
7000 2
7001 2
7002 5
7003 3
7004 1
7005 2
7006 3
7007 4
7008 1
7009 2
7010 5
7011 2
7012 1
7013 2
7014 2
7015 5
7016 2
7017 2
7018 2
7019 1
7020 2
7021 2
7022 2
7023 2
7024 2
7025 2
7026 2
7027 2
7028 2
7029 1
7030 2
7031 2
7032 2
7033 2
7034 2
7035 2
7036 2
7037 2
7038 2
7039 2
7040 2
7041 2
7042 5
7043 5
7044 2
7045 2
7046 2
7047 1
7048 2
7049 1
7050 2
7051 2
7052 2
7053 2
7054 5
7055 2
7056 3
7057 2
7058 2
7059 1
7060 4
7061 3
7062 2
7063 2
7064 2
7065 1
7066 4
7067 2
7068 5
7069 2
7070 2
7071 2
7072 2
7073 5
7074 2
7075 2
7076 2
7077 2
7078 4
7079 2
7080 2
7081 5
7082 2
7083 2
7084 3
7085 2
7086 2
7087 2
7088 3
7089 2
7090 2
7091 2
7092 5
7093 2
7094 3
7095 5
7096 2
7097 5
7098 2
7099 2
7100 5
7101 2
7102 2
7103 2
7104 2
7105 6
7106 1
7107 4
7108 2
7109 2
7110 2
7111 2
7112 2
7113 2
7114 2
7115 2
7116 2
7117 2
7118 2
7119 2
7120 2
7121 2
7122 1
7123 2
7124 2
7125 2
7126 1
7127 2
7128 2
7129 5
7130 2
7131 2
7132 2
7133 2
7134 2
7135 2
7136 2
7137 2
7138 2
7139 5
7140 5
7141 2
7142 2
7143 5
7144 6
7145 2
7146 2
7147 2
7148 1
7149 2
7150 2
7151 1
7152 2
7153 2
7154 2
7155 2
7156 2
7157 5
7158 2
7159 2
7160 2
7161 4
7162 5
7163 2
7164 5
7165 5
7166 2
7167 2
7168 5
7169 2
7170 1
7171 2
7172 2
7173 4
7174 2
7175 2
7176 1
7177 2
7178 5
7179 2
7180 2
7181 5
7182 2
7183 2
7184 2
7185 6
7186 5
7187 2
7188 2
7189 2
7190 1
7191 2
7192 2
7193 2
7194 2
7195 5
7196 2
7197 2
7198 2
7199 2
7200 2
7201 2
7202 5
7203 3
7204 2
7205 1
7206 2
7207 2
7208 2
7209 4
7210 2
7211 3
7212 2
7213 5
7214 2
7215 2
7216 2
7217 2
7218 2
7219 2
7220 5
7221 1
7222 5
7223 2
7224 2
7225 2
7226 2
7227 2
7228 5
7229 2
7230 2
7231 2
7232 4
7233 2
7234 2
7235 2
7236 2
7237 5
7238 5
7239 2
7240 3
7241 4
7242 1
7243 2
7244 2
7245 2
7246 2
7247 2
7248 2
7249 2
7250 4
7251 2
7252 2
7253 2
7254 2
7255 1
7256 1
7257 5
7258 5
7259 2
7260 2
7261 2
7262 2
7263 2
7264 2
7265 2
7266 1
7267 2
7268 2
7269 2
7270 2
7271 2
7272 5
7273 2
7274 2
7275 2
7276 2
7277 1
7278 2
7279 2
7280 1
7281 2
7282 2
7283 2
7284 5
7285 2
7286 1
7287 2
7288 1
7289 2
7290 1
7291 2
7292 7
7293 2
7294 1
7295 2
7296 2
7297 2
7298 2
7299 2
7300 4
7301 2
7302 3
7303 2
7304 2
7305 2
7306 2
7307 2
7308 2
7309 5
7310 2
7311 5
7312 2
7313 5
7314 2
7315 2
7316 1
7317 3
7318 2
7319 5
7320 2
7321 3
7322 2
7323 2
7324 2
7325 2
7326 2
7327 2
7328 2
7329 1
7330 2
7331 2
7332 2
7333 2
7334 2
7335 2
7336 2
7337 7
7338 2
7339 2
7340 3
7341 2
7342 2
7343 2
7344 2
7345 5
7346 3
7347 2
7348 2
7349 5
7350 2
7351 2
7352 5
7353 2
7354 3
7355 1
7356 2
7357 2
7358 2
7359 2
7360 2
7361 2
7362 2
7363 2
7364 2
7365 2
7366 5
7367 5
7368 2
7369 2
7370 2
7371 2
7372 2
7373 2
7374 2
7375 2
7376 2
7377 2
7378 2
7379 2
7380 2
7381 2
7382 1
7383 2
7384 2
7385 2
7386 2
7387 2
7388 2
7389 1
7390 2
7391 2
7392 2
7393 3
7394 5
7395 2
7396 2
7397 2
7398 5
7399 2
7400 2
7401 5
7402 2
7403 4
7404 2
7405 1
7406 2
7407 2
7408 5
7409 5
7410 2
7411 2
7412 5
7413 2
7414 2
7415 2
7416 1
7417 2
7418 2
7419 5
7420 2
7421 2
7422 2
7423 2
7424 2
7425 4
7426 2
7427 1
7428 3
7429 1
7430 2
7431 6
7432 2
7433 2
7434 2
7435 3
7436 2
7437 3
7438 2
7439 5
7440 2
7441 1
7442 5
7443 1
7444 2
7445 2
7446 2
7447 5
7448 1
7449 2
7450 2
7451 2
7452 2
7453 2
7454 3
7455 2
7456 5
7457 2
7458 3
7459 3
7460 2
7461 2
7462 1
7463 2
7464 2
7465 5
7466 1
7467 2
7468 2
7469 5
7470 2
7471 2
7472 2
7473 2
7474 2
7475 2
7476 2
7477 2
7478 2
7479 2
7480 1
7481 2
7482 1
7483 2
7484 2
7485 2
7486 3
7487 5
7488 2
7489 6
7490 2
7491 2
7492 2
7493 2
7494 2
7495 2
7496 2
7497 2
7498 2
7499 2
7500 2
7501 2
7502 2
7503 5
7504 2
7505 5
7506 2
7507 2
7508 2
7509 4
7510 2
7511 4
7512 2
7513 2
7514 2
7515 2
7516 2
7517 2
7518 2
7519 3
7520 2
7521 2
7522 2
7523 2
7524 2
7525 2
7526 2
7527 2
7528 2
7529 2
7530 3
7531 2
7532 2
7533 2
7534 7
7535 2
7536 2
7537 5
7538 5
7539 1
7540 5
7541 2
7542 2
7543 1
7544 2
7545 2
7546 2
7547 4
7548 2
7549 2
7550 6
7551 2
7552 1
7553 4
7554 1
7555 1
7556 2
7557 2
7558 5
7559 2
7560 2
7561 2
7562 2
7563 2
7564 2
7565 5
7566 6
7567 4
7568 2
7569 3
7570 2
7571 1
7572 5
7573 3
7574 5
7575 2
7576 2
7577 2
7578 2
7579 2
7580 1
7581 2
7582 2
7583 1
7584 2
7585 2
7586 2
7587 5
7588 1
7589 5
7590 2
7591 2
7592 2
7593 2
7594 5
7595 2
7596 2
7597 2
7598 4
7599 2
7600 2
7601 2
7602 2
7603 2
7604 2
7605 7
7606 7
7607 2
7608 2
7609 2
7610 2
7611 2
7612 1
7613 2
7614 3
7615 2
7616 2
7617 5
7618 7
7619 2
7620 2
7621 2
7622 2
7623 3
7624 2
7625 2
7626 2
7627 6
7628 2
7629 2
7630 2
7631 2
7632 2
7633 1
7634 1
7635 2
7636 1
7637 2
7638 2
7639 5
7640 3
7641 2
7642 2
7643 1
7644 2
7645 1
7646 2
7647 2
7648 2
7649 2
7650 2
7651 2
7652 5
7653 2
7654 2
7655 2
7656 3
7657 1
7658 2
7659 2
7660 2
7661 2
7662 5
7663 2
7664 1
7665 2
7666 2
7667 2
7668 2
7669 2
7670 5
7671 2
7672 2
7673 2
7674 4
7675 2
7676 2
7677 2
7678 5
7679 4
7680 2
7681 1
7682 1
7683 2
7684 2
7685 6
7686 2
7687 4
7688 2
7689 2
7690 5
7691 2
7692 1
7693 2
7694 2
7695 1
7696 2
7697 3
7698 2
7699 2
7700 2
7701 2
7702 5
7703 2
7704 7
7705 2
7706 1
7707 2
7708 2
7709 2
7710 1
7711 2
7712 2
7713 5
7714 2
7715 2
7716 5
7717 2
7718 2
7719 2
7720 2
7721 2
7722 2
7723 2
7724 3
7725 2
7726 2
7727 5
7728 1
7729 2
7730 3
7731 1
7732 2
7733 3
7734 2
7735 5
7736 2
7737 2
7738 2
7739 2
7740 2
7741 4
7742 2
7743 3
7744 2
7745 2
7746 2
7747 3
7748 2
7749 2
7750 5
7751 1
7752 2
7753 6
7754 5
7755 7
7756 2
7757 6
7758 2
7759 2
7760 1
7761 2
7762 2
7763 2
7764 2
7765 1
7766 2
7767 1
7768 1
7769 2
7770 2
7771 2
7772 2
7773 1
7774 4
7775 4
7776 2
7777 2
7778 2
7779 2
7780 2
7781 2
7782 2
7783 2
7784 2
7785 5
7786 2
7787 4
7788 2
7789 5
7790 2
7791 2
7792 2
7793 2
7794 3
7795 5
7796 2
7797 2
7798 2
7799 2
7800 2
7801 1
7802 1
7803 2
7804 1
7805 2
7806 2
7807 2
7808 2
7809 2
7810 2
7811 2
7812 2
7813 2
7814 1
7815 1
7816 2
7817 2
7818 2
7819 4
7820 2
7821 2
7822 2
7823 1
7824 2
7825 2
7826 2
7827 2
7828 2
7829 2
7830 2
7831 2
7832 2
7833 1
7834 2
7835 5
7836 2
7837 2
7838 2
7839 2
7840 5
7841 2
7842 1
7843 2
7844 2
7845 5
7846 2
7847 2
7848 1
7849 2
7850 1
7851 2
7852 2
7853 2
7854 2
7855 5
7856 2
7857 1
7858 2
7859 2
7860 2
7861 2
7862 4
7863 2
7864 2
7865 2
7866 3
7867 2
7868 2
7869 4
7870 2
7871 4
7872 2
7873 2
7874 5
7875 2
7876 2
7877 2
7878 2
7879 5
7880 2
7881 2
7882 2
7883 2
7884 5
7885 2
7886 6
7887 5
7888 2
7889 2
7890 2
7891 2
7892 1
7893 6
7894 2
7895 2
7896 2
7897 2
7898 2
7899 2
7900 2
7901 2
7902 2
7903 2
7904 2
7905 2
7906 1
7907 2
7908 2
7909 2
7910 2
7911 2
7912 1
7913 1
7914 3
7915 2
7916 6
7917 4
7918 2
7919 4
7920 1
7921 2
7922 2
7923 3
7924 2
7925 1
7926 2
7927 2
7928 4
7929 5
7930 3
7931 2
7932 1
7933 4
7934 2
7935 2
7936 2
7937 2
7938 4
7939 1
7940 2
7941 2
7942 7
7943 2
7944 5
7945 1
7946 2
7947 2
7948 1
7949 2
7950 2
7951 2
7952 2
7953 5
7954 2
7955 2
7956 5
7957 1
7958 2
7959 2
7960 2
7961 3
7962 2
7963 2
7964 1
7965 2
7966 5
7967 2
7968 3
7969 2
7970 2
7971 2
7972 2
7973 2
7974 2
7975 2
7976 4
7977 1
7978 2
7979 2
7980 1
7981 2
7982 7
7983 2
7984 2
7985 2
7986 2
7987 2
7988 2
7989 2
7990 5
7991 2
7992 2
7993 2
7994 2
7995 2
7996 2
7997 2
7998 2
7999 2
8000 2
8001 5
8002 1
8003 2
8004 2
8005 2
8006 5
8007 2
8008 2
8009 1
8010 2
8011 1
8012 2
8013 2
8014 2
8015 2
8016 1
8017 2
8018 2
8019 2
8020 2
8021 2
8022 2
8023 2
8024 2
8025 2
8026 7
8027 2
8028 1
8029 2
8030 5
8031 2
8032 1
8033 2
8034 2
8035 3
8036 2
8037 2
8038 2
8039 2
8040 2
8041 2
8042 2
8043 2
8044 1
8045 2
8046 5
8047 2
8048 4
8049 1
8050 2
8051 2
8052 2
8053 3
8054 2
8055 2
8056 2
8057 1
8058 2
8059 2
8060 2
8061 3
8062 2
8063 2
8064 2
8065 5
8066 5
8067 2
8068 7
8069 2
8070 5
8071 1
8072 2
8073 2
8074 2
8075 5
8076 2
8077 2
8078 2
8079 4
8080 5
8081 2
8082 2
8083 2
8084 2
8085 2
8086 2
8087 2
8088 2
8089 5
8090 2
8091 2
8092 2
8093 2
8094 2
8095 3
8096 1
8097 2
8098 2
8099 2
8100 1
8101 1
8102 2
8103 2
8104 1
8105 2
8106 2
8107 2
8108 2
8109 2
8110 1
8111 5
8112 1
8113 2
8114 5
8115 2
8116 2
8117 2
8118 2
8119 2
8120 2
8121 2
8122 2
8123 2
8124 2
8125 7
8126 2
8127 2
8128 5
8129 1
8130 1
8131 5
8132 2
8133 2
8134 2
8135 2
8136 5
8137 5
8138 5
8139 2
8140 2
8141 1
8142 5
8143 1
8144 2
8145 2
8146 2
8147 2
8148 5
8149 2
8150 5
8151 2
8152 4
8153 1
8154 5
8155 1
8156 2
8157 2
8158 3
8159 2
8160 1
8161 2
8162 2
8163 2
8164 2
8165 2
8166 2
8167 2
8168 3
8169 2
8170 2
8171 3
8172 2
8173 2
8174 2
8175 3
8176 2
8177 1
8178 3
8179 2
8180 2
8181 2
8182 5
8183 2
8184 5
8185 2
8186 2
8187 1
8188 2
8189 3
8190 5
8191 5
8192 2
8193 3
8194 2
8195 1
8196 2
8197 3
8198 2
8199 2
8200 2
8201 2
8202 2
8203 2
8204 2
8205 2
8206 2
8207 2
8208 2
8209 2
8210 2
8211 2
8212 2
8213 2
8214 2
8215 7
8216 3
8217 2
8218 3
8219 2
8220 2
8221 5
8222 2
8223 7
8224 2
8225 2
8226 5
8227 1
8228 3
8229 2
8230 2
8231 2
8232 2
8233 2
8234 5
8235 2
8236 2
8237 2
8238 2
8239 2
8240 2
8241 2
8242 2
8243 2
8244 2
8245 2
8246 1
8247 2
8248 1
8249 2
8250 2
8251 2
8252 2
8253 2
8254 2
8255 2
8256 5
8257 2
8258 5
8259 2
8260 2
8261 2
8262 2
8263 2
8264 2
8265 2
8266 6
8267 5
8268 2
8269 2
8270 2
8271 2
8272 2
8273 2
8274 2
8275 2
8276 5
8277 2
8278 2
8279 2
8280 2
8281 2
8282 1
8283 2
8284 2
8285 2
8286 2
8287 2
8288 2
8289 2
8290 5
8291 2
8292 1
8293 2
8294 1
8295 3
8296 5
8297 2
8298 2
8299 1
8300 2
8301 5
8302 2
8303 2
8304 2
8305 2
8306 5
8307 2
8308 5
8309 2
8310 1
8311 2
8312 5
8313 2
8314 3
8315 2
8316 3
8317 2
8318 2
8319 2
8320 2
8321 2
8322 2
8323 3
8324 2
8325 2
8326 2
8327 2
8328 1
8329 1
8330 2
8331 2
8332 5
8333 2
8334 2
8335 2
8336 3
8337 2
8338 2
8339 2
8340 5
8341 1
8342 2
8343 2
8344 7
8345 2
8346 3
8347 3
8348 2
8349 2
8350 2
8351 2
8352 1
8353 2
8354 2
8355 2
8356 1
8357 2
8358 2
8359 5
8360 2
8361 2
8362 2
8363 2
8364 1
8365 2
8366 2
8367 2
8368 2
8369 2
8370 2
8371 2
8372 2
8373 2
8374 2
8375 2
8376 2
8377 3
8378 2
8379 5
8380 5
8381 2
8382 2
8383 5
8384 2
8385 2
8386 2
8387 2
8388 2
8389 2
8390 2
8391 2
8392 2
8393 3
8394 2
8395 1
8396 1
8397 2
8398 4
8399 2
8400 2
8401 1
8402 2
8403 2
8404 7
8405 5
8406 2
8407 3
8408 2
8409 3
8410 1
8411 2
8412 3
8413 2
8414 5
8415 2
8416 2
8417 1
8418 1
8419 2
8420 2
8421 2
8422 2
8423 2
8424 2
8425 2
8426 2
8427 1
8428 1
8429 2
8430 2
8431 2
8432 2
8433 2
8434 1
8435 1
8436 6
8437 2
8438 2
8439 1
8440 5
8441 4
8442 2
8443 2
8444 3
8445 2
8446 2
8447 2
8448 2
8449 2
8450 2
8451 2
8452 2
8453 1
8454 2
8455 2
8456 3
8457 2
8458 5
8459 2
8460 3
8461 2
8462 3
8463 2
8464 2
8465 1
8466 2
8467 5
8468 2
8469 1
8470 7
8471 4
8472 2
8473 2
8474 2
8475 5
8476 1
8477 2
8478 2
8479 2
8480 1
8481 1
8482 2
8483 1
8484 1
8485 2
8486 2
8487 7
8488 2
8489 2
8490 2
8491 2
8492 2
8493 2
8494 2
8495 2
8496 2
8497 2
8498 1
8499 2
8500 2
8501 2
8502 2
8503 1
8504 2
8505 2
8506 5
8507 7
8508 2
8509 5
8510 2
8511 2
8512 1
8513 2
8514 2
8515 5
8516 5
8517 2
8518 2
8519 2
8520 2
8521 2
8522 2
8523 2
8524 3
8525 2
8526 5
8527 5
8528 5
8529 3
8530 1
8531 2
8532 2
8533 5
8534 2
8535 1
8536 2
8537 4
8538 2
8539 2
8540 2
8541 2
8542 2
8543 1
8544 2
8545 2
8546 2
8547 3
8548 5
8549 2
8550 1
8551 2
8552 1
8553 4
8554 5
8555 5
8556 1
8557 1
8558 5
8559 5
8560 2
8561 3
8562 2
8563 2
8564 5
8565 2
8566 2
8567 2
8568 3
8569 2
8570 2
8571 1
8572 3
8573 1
8574 2
8575 2
8576 2
8577 5
8578 2
8579 2
8580 2
8581 2
8582 2
8583 2
8584 7
8585 2
8586 2
8587 2
8588 3
8589 2
8590 2
8591 2
8592 2
8593 2
8594 5
8595 1
8596 3
8597 2
8598 5
8599 2
8600 2
8601 1
8602 5
8603 4
8604 2
8605 2
8606 2
8607 2
8608 2
8609 2
8610 3
8611 2
8612 2
8613 2
8614 2
8615 4
8616 2
8617 1
8618 2
8619 5
8620 2
8621 2
8622 2
8623 5
8624 2
8625 2
8626 2
8627 2
8628 2
8629 2
8630 5
8631 3
8632 5
8633 2
8634 2
8635 2
8636 5
8637 2
8638 5
8639 2
8640 2
8641 5
8642 3
8643 1
8644 2
8645 6
8646 2
8647 1
8648 3
8649 5
8650 2
8651 2
8652 2
8653 2
8654 4
8655 2
8656 2
8657 2
8658 2
8659 5
8660 2
8661 2
8662 2
8663 2
8664 2
8665 2
8666 2
8667 2
8668 3
8669 2
8670 2
8671 1
8672 5
8673 3
8674 5
8675 2
8676 1
8677 2
8678 2
8679 2
8680 1
8681 3
8682 2
8683 2
8684 2
8685 1
8686 2
8687 2
8688 2
8689 2
8690 2
8691 2
8692 2
8693 2
8694 2
8695 2
8696 2
8697 2
8698 2
8699 2
8700 1
8701 2
8702 2
8703 2
8704 5
8705 2
8706 2
8707 2
8708 1
8709 2
8710 2
8711 2
8712 2
8713 2
8714 2
8715 2
8716 2
8717 2
8718 2
8719 2
8720 2
8721 1
8722 2
8723 2
8724 5
8725 2
8726 2
8727 5
8728 2
8729 2
8730 5
8731 2
8732 5
8733 4
8734 1
8735 2
8736 2
8737 3
8738 2
8739 1
8740 4
8741 2
8742 2
8743 2
8744 1
8745 4
8746 2
8747 2
8748 1
8749 2
8750 2
8751 2
8752 3
8753 2
8754 2
8755 2
8756 2
8757 2
8758 2
8759 2
8760 5
8761 2
8762 2
8763 5
8764 2
8765 2
8766 2
8767 2
8768 5
8769 2
8770 2
8771 2
8772 4
8773 5
8774 2
8775 3
8776 2
8777 2
8778 2
8779 5
8780 1
8781 3
8782 2
8783 2
8784 2
8785 5
8786 3
8787 5
8788 2
8789 2
8790 2
8791 2
8792 2
8793 2
8794 4
8795 2
8796 2
8797 2
8798 2
8799 2
8800 2
8801 2
8802 1
8803 2
8804 2
8805 2
8806 2
8807 3
8808 2
8809 1
8810 2
8811 2
8812 2
8813 2
8814 2
8815 1
8816 2
8817 2
8818 2
8819 2
8820 2
8821 2
8822 2
8823 2
8824 4
8825 3
8826 2
8827 2
8828 2
8829 2
8830 1
8831 2
8832 6
8833 2
8834 2
8835 5
8836 1
8837 2
8838 2
8839 6
8840 2
8841 2
8842 2
8843 1
8844 2
8845 2
8846 2
8847 5
8848 2
8849 2
8850 6
8851 2
8852 2
8853 2
8854 2
8855 2
8856 2
8857 2
8858 2
8859 2
8860 5
8861 2
8862 1
8863 5
8864 2
8865 5
8866 4
8867 2
8868 2
8869 2
8870 2
8871 1
8872 2
8873 2
8874 2
8875 2
8876 1
8877 2
8878 2
8879 2
8880 4
8881 5
8882 1
8883 2
8884 5
8885 3
8886 2
8887 2
8888 2
8889 7
8890 2
8891 1
8892 5
8893 2
8894 1
8895 1
8896 4
8897 2
8898 3
8899 1
8900 5
8901 2
8902 4
8903 2
8904 7
8905 5
8906 1
8907 2
8908 5
8909 7
8910 2
8911 2
8912 2
8913 2
8914 1
8915 2
8916 2
8917 5
8918 1
8919 2
8920 2
8921 7
8922 2
8923 5
8924 2
8925 2
8926 5
8927 1
8928 2
8929 2
8930 5
8931 5
8932 2
8933 2
8934 2
8935 2
8936 2
8937 2
8938 6
8939 4
8940 5
8941 2
8942 1
8943 2
8944 2
8945 2
8946 2
8947 1
8948 1
8949 2
8950 4
8951 2
8952 2
8953 2
8954 2
8955 2
8956 5
8957 2
8958 5
8959 4
8960 2
8961 2
8962 5
8963 5
8964 2
8965 3
8966 2
8967 2
8968 2
8969 3
8970 2
8971 2
8972 5
8973 2
8974 2
8975 2
8976 6
8977 2
8978 2
8979 2
8980 2
8981 2
8982 2
8983 5
8984 2
8985 2
8986 2
8987 1
8988 5
8989 2
8990 2
8991 1
8992 2
8993 2
8994 2
8995 2
8996 2
8997 2
8998 2
8999 2
9000 2
9001 2
9002 2
9003 5
9004 2
9005 3
9006 1
9007 2
9008 1
9009 2
9010 2
9011 4
9012 2
9013 2
9014 2
9015 2
9016 2
9017 2
9018 2
9019 3
9020 2
9021 1
9022 2
9023 2
9024 2
9025 2
9026 5
9027 2
9028 2
9029 5
9030 2
9031 2
9032 2
9033 2
9034 6
9035 2
9036 2
9037 2
9038 2
9039 5
9040 2
9041 2
9042 2
9043 2
9044 2
9045 2
9046 2
9047 2
9048 7
9049 2
9050 2
9051 1
9052 2
9053 2
9054 5
9055 2
9056 2
9057 5
9058 2
9059 2
9060 2
9061 2
9062 1
9063 2
9064 2
9065 2
9066 3
9067 2
9068 2
9069 2
9070 2
9071 2
9072 5
9073 2
9074 5
9075 2
9076 2
9077 5
9078 2
9079 2
9080 2
9081 2
9082 2
9083 2
9084 2
9085 5
9086 2
9087 2
9088 2
9089 2
9090 1
9091 2
9092 2
9093 5
9094 2
9095 2
9096 2
9097 2
9098 2
9099 2
9100 2
9101 2
9102 1
9103 4
9104 2
9105 1
9106 2
9107 2
9108 7
9109 5
9110 5
9111 3
9112 2
9113 2
9114 2
9115 2
9116 1
9117 2
9118 2
9119 2
9120 2
9121 2
9122 2
9123 3
9124 2
9125 2
9126 2
9127 2
9128 2
9129 2
9130 2
9131 2
9132 2
9133 5
9134 3
9135 5
9136 2
9137 2
9138 2
9139 1
9140 2
9141 2
9142 5
9143 2
9144 2
9145 2
9146 5
9147 2
9148 3
9149 2
9150 2
9151 2
9152 1
9153 2
9154 4
9155 2
9156 1
9157 2
9158 5
9159 2
9160 2
9161 7
9162 4
9163 2
9164 2
9165 2
9166 2
9167 2
9168 2
9169 2
9170 5
9171 2
9172 2
9173 1
9174 2
9175 2
9176 1
9177 1
9178 3
9179 2
9180 2
9181 2
9182 2
9183 2
9184 2
9185 5
9186 2
9187 1
9188 2
9189 6
9190 1
9191 5
9192 2
9193 2
9194 3
9195 5
9196 3
9197 2
9198 2
9199 2
9200 1
9201 2
9202 2
9203 2
9204 5
9205 2
9206 3
9207 2
9208 2
9209 5
9210 2
9211 2
9212 2
9213 2
9214 4
9215 2
9216 2
9217 2
9218 2
9219 5
9220 2
9221 1
9222 2
9223 2
9224 2
9225 1
9226 1
9227 2
9228 2
9229 2
9230 2
9231 2
9232 1
9233 2
9234 2
9235 2
9236 2
9237 2
9238 2
9239 1
9240 2
9241 5
9242 1
9243 2
9244 2
9245 5
9246 2
9247 6
9248 2
9249 2
9250 2
9251 3
9252 5
9253 2
9254 2
9255 2
9256 7
9257 5
9258 2
9259 2
9260 6
9261 5
9262 3
9263 4
9264 2
9265 2
9266 2
9267 1
9268 2
9269 2
9270 2
9271 2
9272 5
9273 2
9274 2
9275 2
9276 2
9277 2
9278 2
9279 5
9280 2
9281 2
9282 2
9283 2
9284 1
9285 3
9286 2
9287 1
9288 2
9289 1
9290 4
9291 2
9292 2
9293 2
9294 2
9295 2
9296 2
9297 5
9298 2
9299 2
9300 2
9301 2
9302 2
9303 2
9304 1
9305 2
9306 2
9307 3
9308 1
9309 4
9310 2
9311 5
9312 5
9313 2
9314 2
9315 2
9316 2
9317 2
9318 6
9319 2
9320 2
9321 2
9322 2
9323 2
9324 2
9325 2
9326 2
9327 1
9328 3
9329 2
9330 2
9331 5
9332 2
9333 7
9334 3
9335 3
9336 2
9337 2
9338 2
9339 2
9340 1
9341 5
9342 2
9343 2
9344 2
9345 2
9346 2
9347 1
9348 2
9349 2
9350 2
9351 2
9352 2
9353 2
9354 1
9355 1
9356 2
9357 2
9358 2
9359 2
9360 2
9361 2
9362 5
9363 1
9364 2
9365 2
9366 4
9367 2
9368 2
9369 2
9370 2
9371 2
9372 2
9373 2
9374 2
9375 5
9376 2
9377 2
9378 2
9379 2
9380 2
9381 2
9382 5
9383 2
9384 1
9385 4
9386 2
9387 2
9388 5
9389 2
9390 2
9391 2
9392 2
9393 2
9394 2
9395 3
9396 2
9397 2
9398 2
9399 2
9400 3
9401 2
9402 2
9403 2
9404 1
9405 1
9406 2
9407 2
9408 2
9409 2
9410 2
9411 5
9412 2
9413 2
9414 2
9415 2
9416 2
9417 2
9418 1
9419 2
9420 2
9421 5
9422 2
9423 1
9424 2
9425 2
9426 1
9427 2
9428 2
9429 2
9430 2
9431 2
9432 2
9433 2
9434 4
9435 2
9436 6
9437 3
9438 5
9439 2
9440 2
9441 6
9442 2
9443 2
9444 2
9445 2
9446 2
9447 3
9448 2
9449 2
9450 2
9451 3
9452 2
9453 2
9454 2
9455 1
9456 2
9457 2
9458 2
9459 2
9460 2
9461 2
9462 1
9463 1
9464 2
9465 2
9466 5
9467 3
9468 2
9469 2
9470 2
9471 2
9472 5
9473 3
9474 2
9475 2
9476 2
9477 2
9478 2
9479 5
9480 3
9481 1
9482 2
9483 2
9484 3
9485 1
9486 2
9487 2
9488 2
9489 2
9490 5
9491 2
9492 2
9493 2
9494 1
9495 2
9496 2
9497 6
9498 2
9499 5
9500 5
9501 2
9502 4
9503 2
9504 2
9505 2
9506 2
9507 1
9508 5
9509 1
9510 2
9511 2
9512 2
9513 5
9514 2
9515 2
9516 2
9517 2
9518 4
9519 1
9520 1
9521 2
9522 2
9523 1
9524 3
9525 2
9526 1
9527 1
9528 2
9529 5
9530 2
9531 4
9532 2
9533 1
9534 2
9535 2
9536 4
9537 2
9538 5
9539 2
9540 2
9541 2
9542 2
9543 2
9544 3
9545 5
9546 2
9547 1
9548 2
9549 2
9550 2
9551 2
9552 2
9553 5
9554 2
9555 1
9556 2
9557 2
9558 2
9559 2
9560 2
9561 2
9562 1
9563 5
9564 2
9565 2
9566 3
9567 2
9568 5
9569 2
9570 2
9571 5
9572 2
9573 1
9574 2
9575 2
9576 2
9577 2
9578 5
9579 2
9580 3
9581 2
9582 2
9583 5
9584 2
9585 1
9586 2
9587 2
9588 4
9589 2
9590 2
9591 2
9592 2
9593 2
9594 2
9595 2
9596 2
9597 2
9598 2
9599 2
9600 2
9601 2
9602 2
9603 2
9604 2
9605 2
9606 5
9607 2
9608 5
9609 5
9610 5
9611 2
9612 2
9613 1
9614 5
9615 1
9616 3
9617 2
9618 1
9619 2
9620 2
9621 2
9622 1
9623 2
9624 2
9625 2
9626 2
9627 5
9628 2
9629 4
9630 2
9631 2
9632 2
9633 2
9634 2
9635 2
9636 7
9637 1
9638 2
9639 2
9640 2
9641 2
9642 2
9643 1
9644 2
9645 2
9646 7
9647 1
9648 2
9649 2
9650 2
9651 5
9652 5
9653 2
9654 2
9655 2
9656 5
9657 3
9658 5
9659 2
9660 2
9661 2
9662 2
9663 2
9664 1
9665 5
9666 2
9667 5
9668 3
9669 2
9670 4
9671 2
9672 1
9673 2
9674 2
9675 2
9676 2
9677 2
9678 2
9679 4
9680 2
9681 3
9682 2
9683 2
9684 2
9685 2
9686 5
9687 2
9688 2
9689 2
9690 1
9691 5
9692 2
9693 1
9694 2
9695 2
9696 3
9697 2
9698 2
9699 5
9700 2
9701 2
9702 2
9703 4
9704 1
9705 2
9706 2
9707 2
9708 5
9709 2
9710 5
9711 2
9712 2
9713 2
9714 2
9715 5
9716 4
9717 2
9718 1
9719 1
9720 5
9721 1
9722 5
9723 2
9724 2
9725 2
9726 2
9727 6
9728 2
9729 2
9730 2
9731 7
9732 2
9733 2
9734 2
9735 6
9736 2
9737 4
9738 2
9739 2
9740 1
9741 2
9742 2
9743 5
9744 1
9745 5
9746 2
9747 2
9748 5
9749 5
9750 2
9751 2
9752 1
9753 2
9754 1
9755 1
9756 2
9757 1
9758 2
9759 2
9760 2
9761 5
9762 1
9763 3
9764 1
9765 1
9766 2
9767 2
9768 2
9769 2
9770 2
9771 2
9772 1
9773 2
9774 2
9775 5
9776 2
9777 5
9778 2
9779 2
9780 1
9781 2
9782 5
9783 2
9784 1
9785 2
9786 2
9787 2
9788 2
9789 2
9790 2
9791 1
9792 1
9793 2
9794 2
9795 2
9796 2
9797 4
9798 5
9799 2
9800 2
9801 2
9802 5
9803 5
9804 2
9805 2
9806 1
9807 1
9808 2
9809 1
9810 2
9811 2
9812 1
9813 1
9814 2
9815 7
9816 2
9817 2
9818 2
9819 3
9820 5
9821 2
9822 4
9823 5
9824 2
9825 2
9826 2
9827 3
9828 2
9829 2
9830 2
9831 2
9832 2
9833 5
9834 2
9835 2
9836 1
9837 2
9838 2
9839 2
9840 1
9841 2
9842 2
9843 2
9844 2
9845 2
9846 2
9847 2
9848 1
9849 4
9850 2
9851 1
9852 2
9853 2
9854 2
9855 2
9856 3
9857 3
9858 2
9859 2
9860 2
9861 5
9862 5
9863 2
9864 2
9865 2
9866 1
9867 2
9868 5
9869 1
9870 2
9871 2
9872 2
9873 2
9874 2
9875 2
9876 2
9877 2
9878 5
9879 2
9880 2
9881 7
9882 2
9883 1
9884 2
9885 3
9886 1
9887 2
9888 2
9889 2
9890 2
9891 2
9892 5
9893 2
9894 5
9895 2
9896 2
9897 2
9898 2
9899 2
9900 2
9901 2
9902 2
9903 1
9904 3
9905 2
9906 2
9907 2
9908 2
9909 2
9910 7
9911 2
9912 2
9913 2
9914 1
9915 1
9916 2
9917 2
9918 3
9919 2
9920 5
9921 2
9922 1
9923 2
9924 2
9925 2
9926 2
9927 2
9928 2
9929 2
9930 2
9931 2
9932 5
9933 2
9934 1
9935 2
9936 5
9937 2
9938 2
9939 2
9940 5
9941 1
9942 2
9943 2
9944 1
9945 2
9946 1
9947 2
9948 2
9949 7
9950 2
9951 1
9952 2
9953 2
9954 7
9955 2
9956 5
9957 2
9958 2
9959 1
9960 2
9961 2
9962 2
9963 2
9964 2
9965 5
9966 2
9967 2
9968 1
9969 2
9970 1
9971 2
9972 2
9973 2
9974 5
9975 2
9976 1
9977 2
9978 4
9979 2
9980 2
9981 2
9982 1
9983 5
9984 2
9985 2
9986 1
9987 2
9988 1
9989 2
9990 1
9991 1
9992 2
9993 2
9994 2
9995 5
9996 2
9997 1
9998 7
9999 2
10000 4
10001 5
10002 5
10003 3
10004 4
10005 2
10006 2
10007 2
10008 2
10009 2
10010 2
10011 3
10012 2
10013 2
10014 5
10015 2
